NOMBRE : Renca Mediano
COMENTARIO : Caso real 2
VERTICES : 76
ARISTAS_REQ : 92
ARISTAS_NOREQ : 0
RESTRICCIONES : 0
NODOS_INICIALES : 1
NODOS_TERMINO : 1
LISTA_ARISTAS_REQ :
uni 31886 31837 24.24 24.24
uni 31905 31892 47.06 47.06
uni 31947 31886 32.86 32.86
uni 31951 31905 74.03 74.03
uni 31965 31951 48.11 48.11
uni 31837 31972 152.08 152.08
uni 31983 31965 41.36 41.36
uni 31972 31983 41.63 41.63
uni 31991 31837 149.58 149.58
uni 31995 32005 193.20 193.20
uni 32004 31991 37.28 37.28
uni 32005 32004 46.05 46.05
uni 32006 31947 33.20 33.20
uni 32057 32006 35.61 35.61
uni 32144 32057 45.62 45.62
uni 31837 32165 183.94 183.94
uni 32211 32144 34.15 34.15
uni 32165 32253 43.91 43.91
uni 32288 32211 35.26 35.26
uni 32353 32288 33.32 33.32
uni 32518 32353 81.60 81.60
uni 32253 32518 129.45 129.45
uni 32619 32518 49.62 49.62
uni 32709 32619 43.81 43.81
uni 32518 32733 112.94 112.94
uni 32885 32709 109.29 109.29
uni 32733 32885 91.05 91.05
uni 31892 48797 15.63 15.63
bi 31930 31995 13.30 13.30
bi 31994 31930 33.70 33.70
bi 32046 31994 34.29 34.29
bi 32106 32005 71.16 71.16
bi 32107 32046 35.81 35.81
bi 32119 32004 72.73 72.73
bi 32106 32119 46.09 46.09
bi 32136 31991 86.68 86.68
bi 32119 32136 43.02 43.02
bi 32148 51522 71.39 71.39
bi 32136 32148 42.95 42.95
bi 32148 32165 39.80 39.80
bi 32188 32107 34.20 34.20
bi 32199 32106 43.48 43.48
bi 32216 32256 12.02 12.02
bi 32199 32253 171.44 171.44
bi 32255 32199 24.68 24.68
bi 32256 32255 115.21 115.21
bi 32270 32188 37.01 37.01
bi 32344 32270 38.43 38.43
bi 32430 32344 37.87 37.87
bi 32434 32256 104.04 104.04
bi 32430 32434 42.30 42.30
bi 32440 51539 77.93 77.93
bi 32434 32440 25.30 25.30
bi 32449 51540 75.12 75.12
bi 32440 32449 24.92 24.92
bi 32460 32255 104.21 104.21
bi 32449 32460 42.19 42.19
bi 32460 32490 39.91 39.91
bi 32490 32501 37.90 37.90
bi 32501 32519 38.21 38.21
bi 32517 32430 41.58 41.58
bi 32519 32518 59.97 59.97
bi 32603 32517 38.61 38.61
bi 32657 32490 82.85 82.85
bi 32658 32657 14.72 14.72
bi 32657 51553 14.04 14.04
bi 32673 32434 108.72 108.72
bi 32676 32519 83.02 83.02
bi 32677 32676 15.44 15.44
bi 32676 51556 13.63 13.63
bi 32684 32603 38.72 38.72
bi 32700 32460 111.69 111.69
bi 32673 32700 81.86 81.86
bi 32700 32719 62.41 62.41
bi 32718 32501 110.52 110.52
bi 32719 32718 15.54 15.54
bi 32718 32734 29.36 29.36
bi 32734 32733 48.28 48.28
bi 32751 32684 39.30 39.30
bi 32776 32700 42.20 42.20
bi 32777 32776 92.94 92.94
bi 32826 32751 38.60 38.60
bi 32896 32885 55.94 55.94
bi 32896 32734 102.52 102.52
bi 32902 32896 45.74 45.74
bi 32902 32719 112.13 112.13
bi 32912 32902 50.93 50.93
bi 32912 32776 79.56 79.56
bi 32917 32826 57.06 57.06
bi 32917 32912 111.83 111.83
bi 32440 52814 77.41 77.41
bi 31995 48797 11.42 11.42
LISTA_ARISTAS_NOREQ :
CORDENADAS_NODOS :  
RESTRICCIONES :
NODOS_INICIALES:
31837
NODOS_TERMINO:
31965