NOMBRE : Seg_7
COMENTARIO : 
VERTICES : 117
ARISTAS_REQ : 94
ARISTAS_NOREQ : 0
RESTRICCIONES : 0
NODOS_INICIALES : 1
NODOS_TERMINO : 1
LISTA_ARISTAS_REQ :
uni 54 53 137.418 137.418
bi 266 267 148.946 148.946
uni 148 149 129.865 129.865
uni 186 185 129.518 129.518
bi 525 526 272.697 272.697
uni 328 327 28.236 28.236
bi 329 330 87.985 87.985
bi 342 343 92.832 92.832
uni 373 372 100.761 100.761
bi 395 396 60.454 60.454
uni 1039 1038 14.216 14.216
uni 1040 1039 17.472 17.472
uni 1038 1041 51.512 51.512
uni 1040 1041 25.749 25.749
uni 817 1040 86.828 86.828
uni 1062 1063 28.101 28.101
bi 149 53 89.067 89.067
uni 606 607 35.286 35.286
uni 394 373 110.157 110.157
uni 372 662 126.163 126.163
uni 149 668 126.33 126.33
uni 816 930 187.468 187.468
bi 328 525 106.673 106.673
bi 607 731 99.872 99.872
uni 736 735 147.038 147.038
bi 148 186 89.002 89.002
uni 736 394 99.557 99.557
uni 372 736 120.665 120.665
bi 53 793 87.182 87.182
uni 525 802 201.546 201.546
bi 793 395 49.771 49.771
bi 816 817 49.802 49.802
bi 381 327 97.813 97.813
bi 266 735 124.107 124.107
uni 835 817 317.858 317.858
bi 662 872 63.61 63.61
uni 731 148 129.906 129.906
uni 877 328 99.818 99.818
uni 381 793 127.161 127.161
uni 910 911 57.81 57.81
bi 185 731 88.914 88.914
uni 267 736 125.703 125.703
bi 186 381 86.919 86.919
uni 53 186 128.434 128.434
uni 185 330 125.669 125.669
bi 395 877 45.393 45.393
uni 793 342 139.409 139.409
bi 267 662 130.283 130.283
uni 343 877 134.697 134.697
uni 835 930 147.075 147.075
bi 980 910 15.047 15.047
uni 253 987 90.411 90.411
bi 1000 668 8.954 8.954
uni 1001 1002 9.341 9.341
uni 1000 1002 94.111 94.111
uni 1005 1007 9.931 9.931
uni 373 1012 70.649 70.649
bi 872 606 35.062 35.062
uni 1013 872 133.249 133.249
uni 1013 372 70.493 70.493
uni 1012 1013 91.414 91.414
uni 1014 1001 39.342 39.342
uni 1015 1016 29.108 29.108
uni 1016 1017 130.754 130.754
uni 1017 1014 68.71 68.71
uni 607 1015 99.906 99.906
uni 1015 1014 227.922 227.922
bi 329 1020 106.44 106.44
uni 1020 606 92.933 92.933
uni 1002 1005 36.219 36.219
uni 1007 1012 177.46 177.46
uni 1036 1066 18.216 18.216
uni 1066 806 138.28 138.28
bi 1016 148 98.283 98.283
bi 1017 149 101.071 101.071
uni 1081 835 45.442 45.442
uni 1082 1062 44.989 44.989
uni 1062 1081 37.554 37.554
uni 1062 1083 38.444 38.444
bi 1083 1063 29.652 29.652
uni 930 1063 240.162 240.162
uni 1082 1081 35.725 35.725
uni 1084 786 457.734 457.734
uni 911 1082 569.465 569.465
bi 54 342 86.731 86.731
bi 802 1038 376.865 376.865
uni 1039 980 313.418 313.418
uni 1041 816 80.296 80.296
bi 343 802 111.879 111.879
uni 1087 1084 136.035 136.035
uni 806 253 203.545 203.545
uni 1083 1087 1280.39 1280.39
uni 786 1036 141.182 141.182
uni 987 1005 120.769 120.769
LISTA_ARISTAS_NOREQ :
CORDENADAS_NODOS :
RESTRICCIONES :
NODOS_INICIALES:
53
NODOS_TERMINO:
53
