NOMBRE : Seg_0
COMENTARIO :
VERTICES : 1806
ARISTAS_REQ : 1524
ARISTAS_NOREQ : 302
RESTRICCIONES : 0
NODOS_INICIALES : 1
NODOS_TERMINO : 1
LISTA_ARISTAS_REQ :
LISTA_ARISTAS_NOREQ :
CORDENADAS_NODOS :
LISTA_ARISTAS_REQ :
uni 215 214 39.42 114.0
bi 216 217 46.166 170.7
bi 558 643 65.783 216.0
uni 482 658 57.197 104.0
bi 660 336 105.935 72.0
uni 550 76 168.838 179.1
bi 319 139 65.561 116.2
bi 661 398 52.661 195.8
uni 224 362 112.661 117.1
uni 549 458 142.471 131.0
uni 372 662 126.163 107.8
uni 481 663 48 182.0
bi 664 665 120.178 187.4
bi 574 244 58.534 146.6
uni 666 667 37.144 133.4
uni 149 668 126.33 214.1
bi 413 48 120.116 99.4
bi 164 669 62.152 216.0
bi 670 671 75.771 111.5
bi 673 523 103.031 189.2
bi 233 333 47.14 72.0
bi 524 164 162.38 129.1
bi 680 681 123.044 128.3
bi 570 682 61.028 131.6
bi 585 321 29.04 210.3
bi 672 542 68.608 160.2
bi 390 683 81.549 144.3
bi 684 685 144.478 144.2
bi 465 199 109.089 189.2
bi 649 686 117.033 143.7
bi 687 688 92.936 72.0
bi 613 542 62.446 119.6
uni 689 690 99.286 140.2
uni 507 691 150.205 72.0
bi 432 692 141.907 148.1
bi 693 122 93.579 171.0
bi 113 695 111.075 102.5
bi 434 696 180.279 135.5
bi 674 505 185.776 79.6
uni 675 260 55.223 112.4
uni 677 676 68.428 104.4
bi 181 403 67.264 163.2
bi 39 678 107.545 81.9
uni 69 200 96.252 130.5
bi 234 334 47.693 152.7
uni 370 593 109.497 149.0
uni 411 393 140.947 87.5
uni 42 81 123.762 181.6
bi 257 400 85.955 126.5
bi 403 404 68.852 72.0
bi 405 232 87.338 175.6
bi 406 407 102.294 158.5
bi 389 281 168.528 102.3
bi 408 409 56.551 85.9
bi 254 41 122.075 121.5
uni 410 411 145.644 190.4
bi 412 100 133.966 85.2
bi 414 322 59.329 188.8
uni 416 415 121.026 216.0
bi 417 418 149.879 216.0
uni 419 70 44.797 158.7
bi 420 421 45.278 148.8
bi 81 422 65.884 139.5
bi 423 424 71.928 216.0
bi 425 359 109.296 155.2
bi 426 427 141.451 184.8
bi 428 408 45.867 151.5
bi 429 268 56.014 125.4
uni 431 430 131.924 73.1
bi 409 432 46.173 138.1
bi 433 434 120.026 96.7
bi 435 258 125.296 116.7
bi 151 436 138.415 204.8
bi 437 438 129.548 216.0
bi 439 87 50.63 160.3
bi 442 443 41.52 105.6
bi 444 445 158.666 137.8
bi 446 447 161.1 115.7
bi 273 448 129.807 174.6
bi 307 169 72.678 106.8
bi 217 449 101.746 203.4
uni 147 428 159.462 72.0
uni 219 827 51.255 99.7
bi 828 829 123.629 94.0
bi 714 108 74.279 216.0
bi 478 519 71.934 85.3
uni 676 364 66.276 112.8
bi 830 687 87.543 183.4
bi 364 38 121.775 156.2
bi 515 312 195.083 202.1
bi 644 468 120.004 156.4
bi 40 831 125.776 118.8
bi 832 769 62.329 133.0
bi 330 45 86.635 180.9
bi 834 809 56.373 182.8
bi 836 339 149.381 82.9
bi 803 540 239.347 184.9
bi 837 614 62.545 92.6
bi 407 782 150.786 158.2
bi 129 83 73.292 178.5
bi 521 672 69.532 157.2
bi 838 159 119.471 72.0
uni 38 464 121.085 106.3
bi 839 196 60.535 153.0
uni 357 733 153.902 171.9
uni 79 535 174.235 216.0
bi 572 257 70.084 72.0
uni 714 843 61.262 108.0
bi 315 230 104.555 205.1
bi 1094 165 122.023 106.5
bi 175 582 157.008 216.0
bi 767 191 51.087 114.9
uni 807 763 121.382 151.4
bi 788 300 152.128 87.2
uni 627 790 83.23 91.0
bi 184 823 71.026 147.4
bi 498 772 119.794 139.9
bi 487 25 178.951 182.3
uni 477 632 186.94 72.0
uni 294 632 186.733 72.0
uni 510 783 125.097 72.0
uni 386 756 69.868 72.0
bi 847 768 46.913 108.9
bi 839 460 113.042 105.6
bi 810 703 123.926 177.6
bi 205 263 125.74 121.8
bi 702 805 92.283 195.4
bi 637 374 114.508 216.0
bi 454 848 100.313 185.8
uni 850 849 219.875 144.6
bi 543 746 121.098 156.8
uni 788 851 87.9 72.0
uni 151 753 73.621 107.5
uni 301 807 217.189 110.5
uni 821 429 220.025 173.2
bi 832 852 126.857 77.1
bi 601 853 206.69 72.0
bi 355 854 86.033 72.0
bi 529 463 40.632 137.7
bi 855 61 158.608 216.0
bi 732 652 83.62 183.9
bi 169 700 71.495 172.8
uni 299 549 141.038 180.0
bi 856 791 15.517 105.3
bi 335 858 205.131 216.0
bi 656 859 57.323 152.2
uni 599 860 57.183 99.1
bi 650 583 95.556 142.2
bi 720 366 105.141 138.2
bi 929 829 70.708 165.5
bi 76 266 140.522 81.2
bi 683 489 94.12 157.7
bi 931 321 75.34 138.4
bi 176 855 125.223 149.1
bi 388 493 126.13 216.0
bi 539 302 205.135 203.0
bi 769 532 187.914 203.8
uni 551 777 146.216 173.3
bi 425 515 220.026 175.1
uni 4 695 216.151 151.7
bi 719 365 105.332 101.7
bi 742 59 119.799 194.9
uni 694 371 93.334 127.2
bi 173 716 69.035 116.5
uni 371 604 88.116 178.3
bi 467 305 121.746 205.6
bi 538 174 168.756 151.0
bi 742 716 116.047 162.7
bi 617 305 118.793 181.9
uni 688 583 222.054 190.5
bi 534 221 116.05 136.3
bi 697 361 133.152 183.1
bi 698 91 34.738 130.1
bi 699 700 123.845 110.0
uni 701 686 141.842 188.4
bi 659 631 122.71 139.8
bi 702 605 153.556 105.6
bi 509 629 45.969 216.0
uni 143 703 130.915 72.0
uni 365 547 203.685 164.5
bi 704 705 152.688 216.0
uni 377 706 61.101 216.0
bi 707 485 157.566 175.6
bi 708 709 33.139 143.7
bi 434 427 121.021 189.2
bi 605 710 92.547 216.0
bi 711 712 49.663 122.2
bi 349 278 51.057 206.1
uni 713 248 74.811 72.0
bi 653 536 74.474 146.5
uni 646 714 138.305 210.1
uni 345 630 124.056 80.1
bi 631 161 151.86 142.9
uni 632 633 99.581 216.0
bi 626 520 60.73 140.8
bi 205 634 50.117 117.2
bi 636 518 138.672 88.1
bi 121 637 117.879 72.0
bi 207 177 118.477 79.2
uni 638 175 91.705 150.2
bi 426 639 140.044 137.0
bi 640 641 104.932 129.1
uni 642 512 80.849 134.3
bi 643 644 55.796 186.5
bi 641 412 124 163.5
uni 124 532 187.593 120.9
bi 553 645 62.44 189.4
bi 66 506 81.773 170.4
bi 646 446 75.168 198.6
uni 634 459 156.696 132.4
bi 257 461 152.746 151.6
bi 537 647 102.918 186.4
bi 648 319 40.853 195.9
uni 394 373 110.157 138.8
bi 600 135 72.979 208.6
bi 409 377 208.116 152.8
uni 309 649 145.819 201.5
uni 651 650 220.056 167.5
bi 652 247 56.561 183.8
bi 3 653 116.186 163.8
bi 654 226 46.335 100.7
bi 430 356 137.764 189.3
bi 655 656 164.696 138.8
bi 555 657 119.324 93.9
uni 220 265 117.956 181.6
bi 105 486 51.343 134.0
bi 302 431 134.616 168.6
bi 101 488 174.231 201.0
bi 322 261 38.697 112.7
uni 458 493 121.302 127.6
bi 216 494 85.008 170.8
uni 495 450 125.936 120.1
bi 496 201 114.097 72.0
bi 497 498 52.597 137.0
uni 301 499 151.497 151.3
uni 500 280 158.096 202.5
bi 501 502 88.639 216.0
bi 503 142 102.278 123.5
uni 504 152 85.477 102.3
uni 272 505 51.348 165.1
bi 506 507 178.738 72.0
uni 68 158 144.6 201.4
bi 174 391 156.776 175.4
bi 225 508 123.496 131.8
bi 27 509 129.953 216.0
uni 511 510 119.894 72.0
bi 306 63 69.49 213.0
uni 512 101 139.587 93.3
uni 380 410 101.428 72.0
bi 221 514 117.331 192.6
bi 136 385 43.466 161.0
bi 515 516 109.421 139.8
bi 361 362 138.128 168.9
bi 363 364 116.307 95.1
bi 128 206 165.478 179.5
bi 365 366 101.964 129.8
uni 367 309 145.281 72.0
bi 368 316 47.074 172.9
bi 125 369 59.93 161.1
uni 371 370 99.42 164.3
uni 373 372 100.761 115.2
bi 374 375 40.2 189.9
uni 376 121 73.883 72.0
uni 29 377 45.285 146.7
bi 378 164 58.76 216.0
bi 379 380 141.387 121.1
uni 46 381 130.37 194.3
bi 382 383 41.403 72.0
bi 384 385 43.816 139.3
bi 117 90 127.822 173.4
bi 386 190 79.658 117.0
uni 290 301 150.296 212.6
bi 120 337 53.983 216.0
uni 231 391 77.286 85.6
bi 366 596 107.489 206.8
uni 370 924 113.826 108.1
bi 825 813 132.367 166.4
bi 207 479 122.786 72.9
bi 236 306 61.492 192.9
bi 283 613 62.885 187.8
uni 53 186 128.434 72.0
bi 897 884 129.864 72.0
bi 926 73 146.193 127.3
uni 327 578 130.912 123.0
bi 904 335 121.596 141.4
bi 927 928 125.052 142.3
uni 805 710 154.655 142.0
uni 870 565 220.041 72.0
bi 196 562 71.839 94.8
bi 626 778 67.979 135.6
uni 166 919 115.353 182.9
bi 879 747 104.441 159.2
bi 98 833 187.746 190.2
bi 289 80 155.353 72.0
bi 203 932 159.447 138.5
uni 358 718 141.139 118.6
uni 933 864 29.149 72.0
uni 886 416 169.401 128.1
bi 262 420 63.963 111.5
bi 934 812 146.088 147.4
bi 440 114 69.114 216.0
bi 845 593 109.178 117.8
bi 775 492 126.733 214.2
bi 922 890 76.894 88.6
uni 447 646 95.944 110.5
bi 28 794 47.356 185.2
uni 733 436 73.397 118.5
bi 398 832 45.257 100.2
bi 333 935 30.324 133.5
uni 783 1 178.702 176.3
bi 625 155 40.332 147.1
bi 404 494 45.633 164.3
bi 315 763 156.834 94.1
bi 823 639 141.919 216.0
bi 269 39 139.404 72.0
uni 915 937 125.006 129.3
bi 187 324 147.588 118.9
uni 450 119 61.547 118.7
bi 451 452 49.223 79.9
uni 453 454 131.046 85.7
uni 118 458 138.883 110.1
bi 459 460 63.665 138.7
bi 461 179 97.848 72.0
bi 462 269 132.86 141.7
bi 449 463 55.389 198.0
uni 464 166 94.338 76.1
bi 465 466 122.99 131.0
bi 467 468 51.258 90.1
bi 471 472 78.223 145.7
bi 440 473 286.198 216.0
bi 215 474 55.831 152.1
bi 475 476 92.767 134.3
bi 477 478 188.118 126.5
bi 479 480 59.948 72.0
bi 481 482 117.92 216.0
uni 485 388 116.536 153.9
bi 331 486 27.159 72.0
bi 427 487 138.152 216.0
uni 101 50 141.279 151.0
uni 251 68 115.536 166.6
uni 252 103 85.706 171.9
bi 74 253 63.918 130.2
bi 254 255 39.136 185.2
bi 256 257 38.597 91.5
bi 258 259 100.604 110.4
uni 260 261 94.956 179.1
bi 262 263 21.395 152.0
bi 171 71 126.153 171.5
uni 264 265 130.734 102.3
bi 266 267 148.946 118.3
bi 750 399 74.133 208.2
bi 863 859 142.959 139.0
bi 446 864 83.682 216.0
bi 865 643 118.145 162.0
bi 852 815 134.489 104.1
bi 86 559 69.401 119.5
bi 751 766 68.725 193.0
bi 353 866 95.641 133.5
bi 867 546 92.69 216.0
bi 617 311 139.962 216.0
bi 745 868 79.292 152.0
bi 755 189 77.464 152.4
bi 869 814 124.596 133.2
bi 546 452 46.648 105.2
uni 489 705 88.673 129.6
bi 833 462 146.842 176.8
bi 283 837 293.953 92.7
uni 355 870 141.052 162.4
bi 369 837 63.394 193.2
bi 282 369 292.845 72.0
bi 798 223 115.037 73.5
uni 871 264 79.752 197.0
bi 662 872 63.61 184.5
bi 873 874 186.756 147.9
bi 300 289 148.546 161.6
bi 663 658 115.488 215.8
bi 787 333 75.093 79.9
bi 875 689 128.082 155.6
uni 687 19 304.386 155.0
bi 377 792 111 115.1
uni 745 537 168.486 142.1
bi 876 798 69.468 144.5
bi 871 750 119.093 194.8
uni 877 328 99.818 149.8
uni 728 500 119.052 180.2
bi 878 584 56.46 162.6
bi 295 796 135.002 138.6
bi 648 139 104.026 125.4
bi 528 803 86.587 209.9
bi 797 347 144.292 134.1
uni 706 856 108.072 163.3
bi 879 880 174.94 216.0
bi 25 127 106.122 144.4
bi 557 865 86.993 169.2
bi 640 785 133.648 216.0
bi 881 65 68.192 95.6
bi 882 55 44.196 152.7
bi 243 884 101.045 216.0
bi 873 885 70.979 164.8
bi 79 886 81.614 195.7
bi 28 629 131.455 197.1
bi 703 453 101.596 113.1
bi 383 378 183.733 206.7
bi 887 888 82.96 165.6
bi 660 696 120.068 108.2
bi 889 890 104.858 150.5
uni 677 399 113.466 136.5
bi 595 711 73.522 124.4
bi 306 682 199.957 186.6
bi 423 348 59.847 80.4
uni 381 793 127.161 128.8
bi 490 106 86.939 113.0
uni 122 892 25.325 174.4
bi 472 869 18.119 163.6
uni 456 310 134.417 164.7
bi 168 895 49.198 159.6
bi 422 325 54.007 153.4
bi 608 648 155.844 165.2
uni 326 344 136.762 168.0
uni 123 850 118.956 117.6
bi 778 283 67.695 107.3
bi 782 748 129.648 216.0
bi 896 144 127.883 177.5
bi 545 897 98.891 166.2
bi 451 384 78.112 177.6
bi 44 898 94.72 125.4
bi 348 277 62.199 111.3
bi 287 891 111.244 125.1
bi 295 296 61.06 138.6
bi 247 299 72.437 207.4
uni 300 301 87.464 171.6
bi 302 303 78.652 170.2
uni 248 304 74.625 171.5
bi 305 306 101.674 95.5
uni 308 307 136.801 103.2
uni 210 243 108.296 167.1
bi 242 309 137.034 181.0
bi 213 310 87.468 103.4
bi 227 311 60.089 148.3
bi 314 315 230.07 113.2
bi 316 317 48.189 121.7
bi 318 319 148.857 72.0
bi 30 320 111.397 136.0
bi 321 322 27.385 80.9
uni 191 215 233.264 137.5
uni 324 323 60.277 72.0
uni 325 82 83.195 72.0
uni 326 153 148.284 137.0
bi 520 521 56.768 180.5
uni 522 523 112.034 150.2
bi 524 401 48.688 190.3
bi 48 228 38.425 215.2
bi 245 497 148.171 72.0
bi 527 528 73.622 151.5
bi 338 513 137.167 176.2
bi 529 530 132.845 152.8
bi 211 531 146.243 72.0
uni 532 533 96.164 130.6
uni 265 534 120.082 168.7
bi 494 449 48.733 187.0
uni 535 367 125.789 134.9
bi 536 537 118.208 72.0
uni 480 538 118.011 119.3
bi 249 282 60.332 175.3
uni 448 541 68.667 155.0
bi 542 543 55.501 113.0
uni 243 545 131.13 72.0
bi 546 23 91.341 146.7
bi 547 548 104.736 209.6
uni 549 550 136.486 110.3
bi 551 241 150.564 184.6
bi 552 553 43.417 212.8
bi 90 554 59.523 216.0
bi 1067 956 69.56 172.7
bi 900 1067 195.134 204.1
uni 781 380 100.735 197.8
bi 882 779 63.73 155.5
bi 842 620 75.899 72.0
uni 997 990 184.596 133.8
bi 888 82 177.623 126.7
uni 252 294 131.408 111.3
bi 461 884 178.218 101.6
uni 872 1091 167.078 186.1
uni 1065 1079 55.147 153.2
bi 1079 1080 72.347 104.4
uni 1065 1091 70.744 109.3
uni 868 483 34.559 127.5
uni 178 484 70.233 216.0
uni 484 868 36.848 72.0
bi 1093 227 79.365 190.9
bi 323 952 93.264 72.0
bi 974 1047 113.102 74.5
bi 931 585 104.204 84.3
bi 834 875 198.225 171.6
bi 400 690 257.418 140.6
bi 1074 941 101.522 216.0
uni 198 948 223.185 133.4
bi 1076 770 118.523 153.7
uni 619 867 46.561 216.0
bi 770 1070 158.119 192.1
bi 1095 193 293.605 170.3
uni 867 475 48.016 164.9
uni 948 619 69.375 210.5
bi 882 93 99.045 156.1
bi 723 1075 135.956 163.8
bi 55 984 128.676 154.9
bi 517 957 194.496 140.5
bi 971 1074 103.087 167.5
bi 973 971 115.118 153.1
bi 723 973 112.057 216.0
bi 828 929 48.117 166.3
uni 690 988 49.354 216.0
bi 226 1093 55.605 91.1
bi 392 54 37.277 72.0
uni 393 394 146.968 112.2
bi 397 398 95.231 117.6
bi 399 220 117.753 154.5
bi 223 207 143.156 166.5
bi 224 225 175.991 151.3
bi 226 227 25.249 100.3
bi 228 229 113.718 72.0
bi 230 231 157.416 187.3
uni 538 485 95.012 113.1
bi 102 533 249.327 169.8
bi 346 417 54.974 116.6
bi 221 456 69.477 121.9
bi 180 358 119.56 119.1
bi 93 571 127.182 104.8
bi 50 927 175.338 72.0
uni 109 761 35.881 133.6
uni 703 52 132.363 105.1
bi 939 534 121.785 100.2
bi 747 640 177.337 139.9
uni 762 871 76.865 216.0
bi 692 491 45.299 123.9
bi 414 541 35.213 72.0
bi 697 940 108.977 96.8
uni 483 647 190.423 156.0
bi 762 363 116.554 85.9
bi 870 515 158.018 111.6
bi 941 407 175.81 72.0
uni 415 701 151.939 216.0
bi 92 126 126.418 155.9
bi 684 796 67.825 171.6
bi 397 847 59.404 145.2
bi 97 241 146.24 139.1
bi 748 510 131.59 72.0
uni 185 330 125.669 136.0
bi 46 185 87.243 159.5
bi 293 477 186.696 159.9
bi 932 943 47.38 76.5
bi 880 640 105.725 153.2
bi 944 945 77.98 116.2
bi 767 215 281.127 72.0
bi 946 903 210.968 78.3
bi 512 71 80.507 72.0
bi 395 877 45.393 166.5
bi 255 866 35.632 72.0
bi 57 422 99.743 212.5
bi 488 913 125.96 126.1
uni 108 446 158.201 122.6
bi 152 642 138.307 177.1
bi 435 345 147.2 146.5
bi 271 895 125.148 90.1
bi 70 530 139.739 136.3
uni 218 273 59.95 152.6
bi 407 596 249.552 112.6
bi 308 563 69.974 125.8
bi 921 725 55.113 174.3
bi 645 296 98.808 130.4
bi 890 262 91.005 101.2
uni 919 220 116.362 169.7
uni 250 706 55.703 109.3
uni 259 784 145.541 216.0
bi 935 551 123.146 165.3
uni 541 272 93.892 93.6
bi 358 653 131.15 115.0
bi 540 303 198.778 216.0
bi 522 870 97.649 214.9
bi 948 384 43.416 155.1
bi 936 459 60.497 177.9
uni 212 405 136.262 129.5
bi 156 520 72.153 199.8
bi 679 915 124.284 216.0
bi 865 160 119.575 110.9
bi 773 605 82.77 166.4
bi 303 752 72.787 193.8
uni 630 258 146.288 203.2
bi 242 949 146.214 72.0
uni 323 798 40.878 134.2
bi 892 637 48.384 103.7
bi 137 291 41.479 85.4
bi 285 853 52.657 87.3
bi 111 182 47.007 137.4
uni 649 481 98.152 143.2
bi 202 666 225.774 130.6
bi 576 765 77.334 104.8
bi 681 641 51.249 123.1
bi 532 674 51.039 157.3
bi 651 522 96.474 79.6
uni 470 849 70.172 149.7
bi 346 291 72.118 98.1
bi 633 135 120.142 75.0
uni 495 630 142.986 73.4
bi 528 818 40.212 216.0
uni 793 342 139.409 114.1
bi 928 561 100.407 72.0
bi 935 776 147.149 79.4
uni 22 688 293.383 125.3
uni 272 950 42.835 93.3
bi 951 666 33.223 140.9
bi 855 707 132.566 101.8
bi 592 848 131.405 216.0
bi 777 242 150.42 179.4
bi 352 255 92.774 216.0
bi 385 346 107.369 165.9
bi 229 654 139.725 140.7
bi 140 352 32.9 216.0
bi 876 952 25.348 140.2
bi 827 134 187.884 105.4
bi 235 965 217.474 181.9
bi 796 965 120.086 162.0
bi 946 893 46.198 177.9
bi 354 903 122.878 122.9
bi 16 932 256.139 99.9
bi 772 527 161.169 114.3
bi 819 539 102.571 131.5
bi 597 539 136.327 200.8
bi 597 940 189.192 111.9
bi 940 302 127.042 189.8
bi 912 587 248.76 93.9
bi 64 823 179.701 111.0
bi 498 501 162.778 139.5
bi 681 855 140.631 93.4
bi 595 914 561.306 78.8
bi 177 707 127.29 180.6
uni 60 35 115.106 72.0
uni 924 166 315.951 185.3
bi 631 192 114.394 163.1
bi 920 727 120.057 191.6
bi 696 920 105.646 140.5
bi 433 660 181.873 91.0
bi 727 127 140.072 72.0
bi 791 952 81.859 190.7
uni 208 858 84.166 117.8
uni 686 482 91.004 143.1
bi 1078 432 164.723 112.7
bi 621 1078 46.438 179.6
bi 883 132 124.135 216.0
bi 678 131 124.556 107.0
bi 905 966 179.555 154.6
uni 851 831 169.974 72.0
uni 937 836 176.441 106.5
uni 264 628 118.267 149.8
uni 399 264 119.324 174.6
bi 1016 148 98.283 216.0
bi 1017 149 101.071 189.8
uni 405 329 135.343 81.3
uni 330 232 133.342 72.0
uni 734 45 129.169 139.8
bi 45 577 106.093 199.3
uni 310 734 140.323 154.6
uni 1079 579 82.215 216.0
uni 579 36 182.022 104.7
uni 1080 947 287.619 72.0
bi 591 150 177.036 209.7
uni 807 954 153.578 143.6
bi 954 315 119.882 102.2
uni 954 618 230.049 156.9
bi 480 230 171.433 72.0
bi 851 836 152.028 162.4
bi 339 79 151.368 140.7
bi 1025 762 114.556 163.2
bi 933 363 141.716 157.8
uni 367 949 138.018 109.9
bi 106 96 91.144 167.0
bi 427 726 178.041 174.4
uni 499 581 140.394 135.9
bi 1021 212 99.51 121.9
bi 54 342 86.731 151.3
bi 573 923 89.049 123.8
bi 392 66 153.485 91.8
uni 806 253 203.545 128.8
uni 238 516 247.053 195.9
bi 368 588 184.889 72.0
bi 317 146 165.327 181.2
bi 854 368 142.835 72.0
bi 312 317 158.466 184.9
bi 313 428 160.369 96.2
bi 237 408 161.916 123.5
bi 154 435 172.302 216.0
uni 284 495 144.054 111.2
uni 784 410 141.675 172.0
uni 561 259 136.707 192.2
bi 375 813 125.15 75.5
bi 849 375 184.812 158.8
uni 332 675 132.359 174.9
bi 708 1088 131.323 136.4
bi 1088 437 55.486 153.5
bi 675 1088 70.62 81.3
bi 332 708 69.282 163.0
bi 709 773 63.133 188.9
uni 774 717 162.029 145.1
bi 962 297 165.51 194.9
bi 218 968 157.587 215.4
bi 600 976 242.512 160.9
uni 956 773 153.719 120.8
uni 458 326 143.185 216.0
uni 715 251 165.427 140.9
bi 602 420 106.497 124.1
bi 259 287 101.46 152.0
uni 716 60 119.752 173.4
uni 438 717 60.569 72.0
bi 721 722 187.325 134.2
bi 126 571 61.097 202.8
bi 417 27 44.4 216.0
bi 723 724 178.302 129.0
bi 725 414 36.497 216.0
bi 225 465 125.762 152.2
bi 726 727 106.19 118.4
bi 59 728 114.328 119.3
bi 729 730 57.75 72.0
uni 387 326 121.636 123.8
bi 390 704 93.441 178.8
uni 351 710 190.073 72.0
uni 582 732 68.095 140.2
bi 733 360 80.484 124.9
uni 534 341 100.071 124.4
bi 511 224 138.504 193.1
bi 232 734 87.13 166.5
uni 736 735 147.038 163.6
bi 661 397 138.669 216.0
bi 268 737 216.611 134.5
uni 738 689 42.214 72.0
bi 240 739 51.693 104.9
bi 741 742 119.065 137.6
uni 581 554 45.092 153.9
bi 530 743 44.829 90.1
uni 744 143 132.059 152.5
uni 589 609 70.868 178.3
bi 89 78 88.473 137.0
bi 292 418 62.715 172.3
bi 107 745 115.144 85.1
bi 508 746 100.097 176.7
bi 747 680 106.272 144.1
bi 462 338 44.674 216.0
bi 748 749 120.545 167.9
bi 363 750 72.174 161.1
bi 668 392 47.089 125.2
bi 751 85 30.17 169.7
uni 280 591 132.207 210.9
bi 338 233 42.738 119.1
bi 453 592 99.177 72.0
bi 445 593 323.152 148.1
bi 594 595 78.129 195.0
bi 596 597 205.31 117.5
bi 179 598 44.715 216.0
uni 533 599 31.282 179.1
uni 600 219 142.565 72.0
bi 578 46 101.279 167.2
bi 474 601 51.82 134.2
uni 275 602 85.081 216.0
uni 604 603 153.443 193.3
bi 605 350 190.986 145.5
uni 430 361 108.378 176.7
bi 613 614 293.24 110.5
uni 615 616 148.647 162.9
bi 229 617 131.287 72.0
uni 618 324 97.939 177.8
uni 155 224 127.578 197.4
uni 261 438 68.045 186.2
bi 619 451 41.287 166.8
bi 452 136 45.667 109.4
bi 621 409 160.344 108.3
uni 364 624 134.565 132.2
bi 625 626 119.733 216.0
bi 629 443 30.43 101.8
bi 298 786 58.713 140.5
uni 67 715 116.764 160.3
bi 279 787 72.113 212.3
bi 698 788 127.918 144.9
bi 789 425 86.016 199.1
bi 80 790 86.401 136.5
bi 791 792 46.094 95.0
bi 692 29 60.026 208.2
bi 486 584 162.484 192.5
bi 664 433 140.257 132.5
bi 53 793 87.182 72.8
bi 794 442 133.221 216.0
uni 209 325 43.972 72.8
bi 795 518 147.244 171.3
bi 796 664 140.763 216.0
uni 798 797 109.405 119.2
bi 124 767 50.569 157.0
bi 799 157 103.152 123.0
uni 466 508 133.824 216.0
bi 800 719 143.104 114.2
uni 150 741 118.284 216.0
uni 525 802 201.546 216.0
bi 58 348 113.845 216.0
uni 37 799 195.244 124.4
bi 536 107 132.622 216.0
uni 753 431 149.087 73.8
bi 502 803 157.178 144.1
bi 804 382 30.922 196.0
bi 805 806 102.447 183.7
bi 402 625 65.151 116.6
uni 741 807 97.157 131.1
bi 61 49 121.261 106.9
bi 808 809 16.75 72.0
bi 771 795 113.844 153.8
bi 51 810 131.861 163.5
bi 562 811 168.63 216.0
bi 811 812 50.682 109.9
bi 813 124 59.456 72.0
bi 305 244 139.218 128.8
bi 682 184 69.02 196.1
bi 347 223 115.475 135.6
uni 174 230 96.124 145.4
bi 793 395 49.771 161.8
uni 814 738 47.042 100.2
bi 815 102 102.499 131.8
uni 133 466 108.992 216.0
bi 587 365 112.524 126.2
bi 402 669 140.64 175.5
bi 381 327 97.813 168.2
bi 88 529 79.891 81.8
bi 818 819 102.054 202.0
bi 743 648 31.868 126.3
bi 266 735 124.107 171.1
bi 359 821 109.916 176.9
bi 822 249 61.515 72.0
bi 337 288 43.178 211.8
bi 823 501 139.646 216.0
bi 824 439 45.778 146.7
bi 439 217 71.747 116.5
bi 825 123 60.642 124.4
bi 668 65 152.055 97.9
uni 304 616 136.239 132.9
bi 132 116 43.88 110.2
uni 94 457 158.855 131.4
bi 26 747 184.543 150.7
bi 140 254 92.324 216.0
uni 899 209 53.152 216.0
bi 596 749 173.86 136.4
bi 206 176 136.159 136.0
uni 89 208 113.974 152.1
bi 645 235 60.443 145.5
bi 753 733 137.414 153.3
bi 639 594 138.784 100.3
uni 455 191 167.998 214.3
bi 601 900 54.937 193.6
uni 213 861 142.528 160.7
uni 170 642 45.126 124.4
bi 901 182 61.724 216.0
bi 712 26 108.475 211.1
bi 750 676 117.286 189.1
uni 608 419 87.902 161.4
bi 86 902 63.853 106.5
bi 903 656 120.473 136.2
bi 700 657 75.479 137.8
bi 904 660 87.535 199.0
bi 848 906 225.429 90.4
bi 664 685 93.089 176.5
bi 89 856 34.575 156.9
bi 190 308 74.876 137.6
bi 1095 822 60.395 127.1
bi 785 412 95.838 109.2
bi 618 314 121.906 139.8
bi 670 755 98.578 94.4
bi 485 175 168.331 183.8
uni 627 280 91.516 132.9
bi 548 819 145.206 216.0
bi 211 461 80.493 161.7
uni 329 731 126.803 203.8
bi 665 426 121.892 183.5
bi 468 235 52.681 216.0
uni 763 231 108.401 73.0
bi 822 194 292.656 120.5
bi 185 731 88.914 129.2
uni 436 170 31.174 216.0
bi 281 279 46.454 98.1
bi 724 912 113.63 103.3
bi 452 24 112.167 164.3
bi 739 276 58.743 72.0
bi 913 560 99.24 175.8
bi 795 478 72.591 175.0
bi 912 800 114.287 163.5
bi 752 914 52.134 127.5
uni 777 915 147.244 208.3
uni 860 252 57.224 142.9
uni 411 759 102.168 143.5
uni 267 736 125.703 135.8
uni 577 94 232.653 107.2
bi 769 852 52.091 72.0
uni 110 745 83.33 86.4
bi 598 33 81.624 216.0
bi 276 497 46.785 190.7
bi 441 842 71.724 99.0
uni 169 563 132.573 89.5
uni 568 850 91.12 104.6
uni 393 735 100.72 171.8
uni 514 919 120.054 149.7
bi 746 531 99.651 192.5
bi 918 352 99.965 151.8
bi 336 920 121.071 165.8
bi 921 322 71.757 129.9
bi 922 204 15.746 211.2
uni 923 604 100.609 143.0
bi 345 450 142.05 195.5
uni 845 924 121.494 126.5
bi 787 246 153.874 164.8
uni 673 651 81.348 83.6
bi 29 188 111.14 159.0
bi 105 878 161.485 77.9
bi 671 756 99.691 138.1
uni 735 284 140.568 191.0
bi 652 713 147.505 140.0
bi 263 420 65.024 208.1
bi 884 211 111.185 187.7
bi 562 722 101.416 95.5
bi 186 381 86.919 145.4
uni 1002 881 125.662 143.2
uni 73 1004 118.211 175.7
uni 1004 1008 95.97 202.3
uni 1008 926 127.225 72.0
uni 1009 393 153.974 168.9
uni 759 1010 72.613 123.8
uni 781 1010 153.689 112.3
uni 373 1012 70.649 106.1
uni 1013 872 133.249 103.0
uni 1013 372 70.493 167.7
uni 1012 1013 91.414 202.6
uni 1016 1017 130.754 135.0
uni 841 1024 40.148 171.6
uni 841 1025 164.862 140.3
uni 1025 1026 81.983 89.6
bi 1026 871 113.123 133.0
uni 1027 627 146.53 103.3
uni 1027 500 97.478 138.0
uni 1029 1027 118.222 119.6
bi 728 1029 97.042 182.0
uni 628 1028 143.998 183.4
uni 265 1028 119.12 159.4
uni 1031 740 17.071 182.1
uni 35 1031 79.623 99.9
uni 1024 109 30.188 114.6
bi 564 1032 129.434 216.0
bi 274 1032 101.086 186.3
uni 1033 275 53.448 132.2
uni 874 1033 178.541 111.7
uni 892 1034 55.082 104.5
bi 1034 1035 147.583 141.0
bi 1035 661 96.218 195.2
bi 65 881 231.421 84.8
bi 710 1036 83.15 171.3
bi 980 1037 381.249 111.6
bi 858 1042 86.265 148.3
bi 920 1042 162.25 114.2
bi 904 863 61.968 216.0
bi 1043 946 73.072 103.7
bi 830 969 218.45 72.0
bi 141 1044 111.055 125.6
bi 1045 618 131.856 119.2
bi 581 1046 158.043 105.8
bi 1045 1046 30.469 171.5
bi 554 1046 111.981 147.5
bi 1047 975 49.748 96.3
bi 897 592 132.222 72.0
bi 897 1047 80.29 116.6
uni 1048 202 81.575 170.4
uni 1049 183 42.72 72.0
uni 114 1050 23.962 128.0
bi 112 1049 80.795 73.3
uni 1048 951 227.907 101.8
bi 901 1051 46.04 170.4
uni 183 1051 60.441 115.6
uni 201 1052 106.379 109.9
uni 1052 1048 118.902 103.8
bi 1053 496 140.666 141.2
bi 442 1054 54.264 216.0
uni 1053 1052 123.11 129.9
uni 1051 1054 122.703 132.3
uni 181 1055 48.454 130.3
bi 1055 404 51.419 172.4
bi 794 1056 48.072 150.4
uni 1055 1053 124.98 122.2
uni 1054 1056 124.73 72.0
bi 555 556 52.781 209.7
bi 245 64 53.326 149.5
bi 557 558 114.521 216.0
bi 559 274 239.934 137.9
uni 560 561 140.384 90.1
bi 460 562 75.188 154.5
bi 563 564 36.14 118.3
uni 190 274 69.359 177.1
bi 510 155 142.827 155.1
bi 236 570 209.132 171.8
bi 571 572 215.819 127.7
bi 501 527 94.889 171.3
uni 573 371 99.505 72.0
bi 311 574 57.477 101.0
bi 575 576 55.481 192.1
uni 578 577 125.364 111.0
uni 579 304 156.358 199.3
bi 162 580 252.488 216.0
bi 149 53 89.067 72.0
bi 91 581 56.624 216.0
uni 391 582 71.007 72.0
bi 583 565 95.123 137.6
bi 476 546 50.606 216.0
bi 584 585 35.75 72.0
uni 118 550 145.94 106.2
uni 516 359 220.027 133.3
bi 240 587 115.401 118.8
bi 463 496 55.946 146.1
bi 588 146 105.355 141.0
bi 1057 421 128.25 157.4
bi 1057 721 147.425 216.0
uni 1060 1059 40.654 206.4
bi 311 240 142.096 155.1
bi 574 739 144.04 216.0
uni 924 68 88.248 200.4
uni 251 370 87.387 155.4
bi 1064 636 377.279 111.9
bi 927 435 134.253 155.7
bi 450 75 83.451 155.0
bi 615 266 168.239 149.9
uni 550 615 140.419 80.4
uni 616 1065 144.187 162.2
uni 50 154 134.073 115.2
bi 62 387 134.54 106.4
bi 713 36 175.381 140.6
uni 662 1065 166.464 72.0
uni 1010 1009 140.271 160.2
uni 379 780 110.957 81.0
uni 344 118 141.693 119.6
uni 49 100 140.576 216.0
uni 100 504 139.175 199.0
bi 362 465 174.212 72.0
uni 304 299 148.173 131.8
bi 72 488 131.73 202.7
bi 488 927 141.635 114.2
uni 928 913 142.186 197.9
bi 412 61 133.648 189.9
bi 730 504 126.818 167.6
bi 940 430 132.122 154.5
bi 749 511 132.572 176.5
bi 356 199 174.883 107.7
uni 545 453 132.68 164.0
uni 906 560 131.619 216.0
bi 744 906 99.363 72.0
bi 142 72 130.509 167.9
uni 926 956 190.805 165.8
uni 1036 1066 18.216 102.4
uni 1066 806 138.28 216.0
bi 1067 709 167.388 86.5
uni 950 32 126.159 115.0
uni 889 902 74.276 100.7
uni 602 889 157.126 72.0
bi 887 85 151.838 137.3
uni 902 888 139.194 181.5
bi 902 922 105.219 123.1
bi 598 974 147.518 178.6
uni 900 332 230.385 127.2
bi 970 887 209.231 72.0
bi 989 970 124.711 185.1
bi 990 575 138.961 80.1
bi 969 961 222.257 166.1
bi 9 17 62.47 113.4
bi 17 16 144.163 177.2
bi 22 9 48.239 85.9
bi 896 1070 177.867 119.5
bi 977 1071 115.885 95.2
bi 863 655 60.441 204.5
bi 655 1043 56.191 109.7
uni 984 814 173.29 186.8
uni 1056 198 189.82 146.7
bi 846 509 52.911 148.2
bi 58 349 142.789 208.4
uni 82 634 183.074 145.7
uni 197 899 93.565 135.1
bi 325 196 188.768 216.0
bi 934 916 107.19 121.7
bi 812 1064 82.964 134.8
bi 771 636 222.092 160.6
uni 721 972 187.311 188.2
uni 972 477 186.125 193.6
bi 874 972 186.664 92.0
uni 293 874 186.528 183.2
bi 815 293 186.513 176.6
bi 564 873 124.129 206.1
bi 398 885 179.679 85.3
bi 885 815 112.566 104.7
bi 1035 564 186.697 107.0
uni 888 41 175.374 113.2
bi 576 670 46.062 104.4
bi 575 751 157.507 161.4
bi 959 970 62.356 72.0
bi 419 743 142.57 120.0
bi 866 887 88.432 92.3
bi 1 804 68.814 216.0
bi 0 782 173.997 113.7
bi 1074 406 176.423 215.5
bi 1075 754 178.694 118.7
bi 1076 964 106.527 210.4
bi 160 617 120.15 172.1
bi 754 654 114.665 174.1
bi 960 557 130.69 215.9
bi 838 865 131.296 72.0
bi 144 838 114.593 158.7
bi 228 754 141.001 106.6
bi 978 552 181.45 109.7
uni 232 213 137.257 141.0
bi 233 234 141.22 214.2
bi 235 236 58.512 216.0
bi 239 240 58.358 156.9
bi 241 242 146.211 87.7
bi 69 87 62.749 185.4
bi 133 243 100.319 115.5
bi 244 245 46.159 121.0
uni 222 246 74.1 115.6
bi 247 248 146.388 198.5
bi 249 125 292.768 170.5
bi 147 250 39.134 191.5
uni 537 953 190.429 128.3
uni 939 340 122.771 128.4
uni 949 915 150.281 72.0
uni 362 356 108.695 159.9
bi 145 228 119.73 199.7
bi 847 832 102.025 181.3
bi 669 626 60.771 172.9
uni 500 150 116.343 210.2
bi 400 129 47.426 159.1
bi 931 921 27.278 79.3
bi 466 210 101.492 164.6
uni 954 499 231.591 127.6
bi 955 77 58.996 216.0
bi 956 702 81.517 136.5
uni 591 290 25.926 120.9
bi 84 163 64.436 92.5
bi 360 503 94.072 216.0
bi 944 151 130.142 101.0
bi 776 679 149.226 93.5
bi 957 378 63.062 115.6
bi 932 113 109.702 164.5
bi 116 775 33.079 216.0
bi 505 827 187.492 108.9
uni 158 464 171.891 102.4
bi 97 663 138.823 100.7
bi 287 379 146.937 156.0
bi 553 295 100.641 85.7
bi 374 847 104.191 166.3
bi 959 353 106.721 168.6
bi 504 512 137.554 114.4
bi 955 797 166.924 172.9
bi 146 858 64.835 90.4
bi 314 479 106.805 143.0
bi 945 729 35.911 92.4
bi 749 697 94.573 121.3
bi 403 216 45.293 131.0
bi 288 233 93.809 216.0
bi 869 808 46.716 149.8
bi 950 725 38.273 194.2
uni 297 351 78.352 177.2
bi 24 137 47.188 178.0
bi 696 726 120.071 216.0
bi 644 553 54.978 156.5
uni 827 294 49.875 123.8
uni 683 180 131.423 200.6
bi 680 176 149.483 216.0
bi 707 62 139.175 147.4
uni 270 168 119.8 105.5
bi 128 680 167.491 167.9
bi 960 838 110.344 147.5
bi 64 498 150.551 216.0
uni 604 251 99.477 88.0
bi 62 153 121.528 181.5
bi 635 757 130.663 93.6
bi 783 401 92.363 72.0
bi 634 839 54.12 146.2
bi 898 403 71.131 130.7
bi 476 23 100.824 188.0
bi 366 548 203.042 128.6
bi 961 651 98.416 114.4
uni 717 962 87.865 176.5
bi 654 963 140.694 123.5
bi 199 51 130.838 166.7
uni 937 958 152.041 147.4
bi 895 699 23.569 114.9
bi 548 597 104.205 147.2
uni 836 300 88.317 163.6
uni 361 511 104.388 101.1
bi 724 963 114.648 194.9
bi 899 934 51.207 190.6
uni 35 728 122.739 213.8
bi 227 239 141.002 170.3
uni 505 860 50.254 163.1
uni 200 824 60.459 145.8
uni 805 74 169.987 157.0
bi 964 47 119.931 120.1
bi 965 665 141.679 141.9
uni 913 744 129.756 153.3
uni 454 906 131.256 166.2
bi 431 357 137.02 72.0
uni 705 222 72.118 216.0
bi 704 279 72.772 208.1
bi 643 467 118.618 142.4
bi 474 285 206.589 105.8
bi 966 698 89.251 163.7
bi 487 711 144.76 90.9
bi 472 834 100.903 72.0
uni 799 67 143.367 159.7
bi 965 570 61.007 214.6
bi 665 434 141.25 101.6
bi 131 117 52.666 72.0
bi 958 339 178.963 157.9
uni 761 933 116.49 108.3
bi 766 559 68.94 127.9
bi 117 966 43.769 215.9
uni 891 780 147.432 139.2
uni 790 886 82.929 180.0
uni 632 134 48.337 72.0
bi 189 307 76.992 163.7
bi 859 335 73.952 72.0
uni 261 541 93.945 216.0
uni 968 448 62.086 216.0
bi 349 916 74.222 105.6
bi 779 471 64.937 136.4
bi 531 256 38.615 145.0
bi 808 738 124.448 129.4
uni 258 928 135.299 96.5
bi 165 778 123.867 147.6
bi 945 152 128.821 106.6
bi 969 650 94.755 87.7
uni 415 367 101.277 111.0
bi 610 580 168.708 146.7
bi 963 239 74.104 216.0
bi 824 216 71.174 156.3
bi 682 426 141.826 72.0
uni 410 495 98.493 72.0
bi 970 575 164.601 118.0
bi 130 84 75.447 154.9
bi 194 125 63.271 72.0
uni 695 821 222.025 74.8
bi 712 879 203.721 147.0
bi 766 386 153.395 105.4
uni 746 210 141.236 107.6
bi 702 74 219.892 216.0
bi 726 25 141.072 195.5
bi 966 851 115.762 72.0
bi 831 937 150.982 180.5
bi 943 789 86.643 95.8
bi 188 320 44.632 130.9
bi 688 203 96.149 104.5
bi 639 487 139.641 149.9
bi 800 406 106.548 99.0
bi 971 800 177.831 96.5
bi 165 249 67.879 135.2
bi 78 876 16.858 170.2
bi 964 413 34.514 95.6
bi 765 671 50.808 212.5
bi 160 467 118.694 143.5
bi 829 47 37.358 106.8
bi 772 547 111.208 175.8
bi 949 958 122.734 92.7
bi 88 530 51.276 138.3
bi 241 649 137.278 177.8
bi 880 729 148.906 184.6
bi 516 429 109.698 87.8
bi 972 771 187.426 208.3
uni 616 267 167.282 103.8
uni 919 677 104.119 110.0
bi 56 471 26.177 140.4
bi 973 912 177.451 122.3
uni 464 677 121.401 120.0
bi 277 424 62.183 199.6
bi 974 975 54.456 142.2
bi 580 445 77.969 161.7
bi 299 615 137.948 165.1
bi 620 901 44.64 72.0
bi 559 889 63.595 159.0
uni 583 522 219.02 147.9
bi 267 662 130.283 146.1
bi 159 229 121.457 104.3
bi 156 521 92.886 100.7
uni 976 968 69.894 216.0
bi 260 437 70.751 81.8
uni 811 197 51.181 72.0
bi 172 742 59.133 72.0
uni 408 250 159.879 93.8
bi 547 818 152.008 148.9
bi 898 824 45.869 189.6
uni 343 877 134.697 106.0
uni 103 599 83.915 127.4
bi 72 744 125.398 120.3
bi 666 423 33.539 128.9
bi 286 469 120.223 118.6
bi 774 350 80.022 130.0
bi 502 594 53.82 101.4
uni 663 110 58.068 102.9
bi 432 116 46.911 136.5
bi 383 524 65.464 72.0
bi 977 433 92.877 216.0
bi 977 904 182.372 155.5
bi 684 978 62.198 126.0
bi 552 558 109.002 209.2
bi 960 896 114.953 188.1
bi 11 4 107.316 178.4
bi 953 647 293.816 118.9
bi 21 985 119.258 149.7
uni 41 201 115.621 91.3
bi 830 985 196.846 141.7
bi 986 732 56.828 214.0
bi 638 986 104.973 72.0
uni 986 549 121.998 76.7
bi 73 987 57.732 132.7
uni 253 987 90.411 144.4
uni 990 989 183.65 86.4
bi 975 991 145.116 216.0
bi 34 992 158.667 72.0
bi 34 993 67.639 195.9
bi 130 988 79.792 168.8
bi 163 994 84.195 122.7
uni 994 993 47.888 126.6
uni 988 994 143.471 216.0
uni 270 995 75.38 72.0
uni 995 996 80.432 171.0
uni 996 997 81.799 216.0
uni 307 995 226.644 80.9
uni 996 189 202.764 86.5
uni 755 997 175.641 96.4
uni 998 469 214.236 121.3
uni 693 999 57.229 192.6
uni 999 612 57.948 116.0
bi 999 764 154.54 212.4
uni 1000 1002 94.111 216.0
uni 1003 373 171.694 146.5
uni 394 1006 163.508 79.6
bi 148 186 89.002 166.3
uni 736 394 99.557 146.6
bi 752 753 131.683 124.5
bi 612 556 144.302 135.4
uni 284 411 100.263 150.6
bi 754 724 138.811 91.9
uni 756 755 76.389 102.1
bi 611 555 138.257 81.3
bi 757 555 47.557 153.7
bi 256 758 70.529 183.4
bi 406 720 144.621 214.3
bi 380 759 145.088 91.6
bi 143 454 99.261 177.3
uni 372 736 120.665 216.0
uni 761 762 153.791 176.5
bi 763 172 59.826 159.2
bi 556 764 51.845 125.0
bi 765 766 79.788 156.3
bi 767 674 187.479 116.5
bi 463 254 144.315 146.9
bi 768 769 85.451 202.0
uni 246 551 71.114 72.0
bi 770 144 180.802 141.2
bi 722 771 187.575 87.5
bi 587 772 203.536 136.7
uni 773 774 190.865 190.6
bi 775 491 104.127 116.7
uni 153 49 135.229 149.2
uni 565 203 221.039 203.7
bi 375 768 98.421 124.9
bi 491 30 59.735 72.0
bi 776 777 124.319 124.3
bi 119 75 142.628 72.0
bi 437 774 57.811 216.0
bi 309 701 115.55 159.0
bi 52 545 100.559 182.0
bi 217 88 50.836 112.5
bi 778 672 121.525 179.3
bi 779 56 41.661 138.5
uni 154 344 147.836 182.3
uni 780 781 136.635 110.2
bi 782 783 133.332 117.0
uni 630 784 101.465 176.5
bi 730 785 48.637 155.9
bi 357 51 173.623 119.4
uni 650 687 221.024 216.0
bi 492 90 44.281 99.6
uni 784 379 100.311 216.0
bi 268 269 77.518 146.2
uni 273 272 68.252 76.4
uni 274 275 65.236 72.0
bi 244 276 146.411 207.1
bi 277 278 59.92 163.6
uni 202 42 122.594 216.0
bi 279 222 153.681 206.2
uni 280 80 84.151 120.4
bi 282 283 62.04 159.7
uni 76 284 125.205 72.0
bi 285 104 26.072 174.3
bi 281 288 53.362 216.0
bi 289 290 87.196 130.2
bi 291 292 84.503 131.9
uni 294 293 185.614 141.0
bi 329 330 87.985 90.9
bi 331 332 54.153 99.6
bi 333 334 146.206 135.1
bi 337 338 93.222 165.6
bi 339 289 86.321 216.0
bi 38 157 182.107 114.2
uni 344 345 170.468 98.5
bi 346 292 112.766 154.9
bi 347 206 125.348 204.7
bi 348 349 58.953 136.9
bi 350 351 93.629 185.1
bi 352 353 33.832 119.4
bi 83 179 65.981 115.2
uni 356 357 131.835 140.6
uni 15 358 117.19 103.2
bi 313 237 52.235 208.6
uni 359 113 220.034 215.3
bi 360 171 104.539 170.6
bi 210 211 99.677 72.0
uni 219 218 58.468 140.8
bi 171 142 95.575 106.3
bi 220 221 120.032 171.4
uni 208 147 53.636 162.1
bi 57 209 111.523 150.7
bi 0 1 84.789 187.9
bi 4 5 141.138 159.8
bi 14 15 121.161 174.4
bi 15 3 131.193 216.0
bi 18 19 28.464 164.2
bi 5 14 123.005 99.8
bi 16 11 117.46 121.2
bi 21 18 48.329 72.0
bi 19 22 73.004 83.2
bi 23 24 48.621 104.0
bi 25 26 154.455 128.0
bi 27 28 45.349 126.5
bi 33 34 18.032 103.5
uni 37 38 124.123 142.6
bi 41 42 146.966 72.0
uni 43 44 63.924 112.7
uni 45 46 126.196 81.4
bi 47 48 33.014 186.6
bi 49 50 135.378 141.3
bi 51 52 125.588 74.5
uni 54 53 137.418 199.1
bi 55 56 68.467 190.4
bi 57 58 20.24 151.5
bi 59 60 123.154 204.3
bi 61 62 138.919 152.9
bi 63 64 70.559 157.6
bi 65 66 68.286 72.0
uni 68 67 184.107 143.8
uni 70 69 51.264 216.0
bi 71 72 94.977 135.0
uni 74 73 86.531 182.1
bi 75 76 60.991 186.5
bi 77 78 128.427 138.3
uni 80 79 87.058 147.3
uni 81 82 58.615 113.0
bi 83 84 83.471 197.8
bi 85 86 37.838 183.0
bi 87 88 73.209 143.0
bi 77 89 34.225 93.9
bi 90 91 43.235 84.6
bi 96 97 56.602 179.4
bi 100 101 136.245 72.0
bi 102 103 29.664 72.1
uni 109 108 54.983 132.3
uni 96 110 138.776 216.0
uni 113 11 238.074 156.6
uni 115 114 252.869 216.0
bi 116 117 65.992 108.5
uni 119 118 107.628 120.5
bi 99 120 169.3 116.9
uni 121 122 45.897 216.0
uni 123 124 131.814 89.2
bi 125 126 63.21 72.0
bi 127 128 165.778 145.2
bi 129 130 81.426 72.0
bi 131 132 64.662 96.9
uni 52 133 130.062 201.7
uni 134 135 31.272 72.0
bi 136 137 132.448 72.8
bi 138 111 58.139 202.8
bi 139 140 31.003 128.7
bi 142 143 125.339 168.8
bi 144 145 120.318 123.2
bi 146 147 81.814 102.8
uni 148 149 129.865 175.4
bi 150 59 119.363 179.8
uni 152 151 76.787 144.4
bi 153 154 137.181 157.8
bi 155 156 37.538 127.0
bi 157 158 105.604 178.5
bi 159 160 131.92 152.4
bi 161 162 110.975 216.0
bi 163 33 46.692 118.5
bi 164 165 68.922 216.0
uni 166 167 121.075 149.8
bi 145 159 115.799 199.3
uni 168 169 122.789 216.0
bi 170 171 79.438 92.1
bi 172 173 112.229 171.3
uni 175 174 82.278 169.1
bi 176 177 126.626 127.8
uni 110 178 115.654 126.8
bi 179 163 83.25 117.8
uni 44 181 74.431 82.9
bi 182 183 46.925 127.0
bi 63 184 190.241 114.1
uni 186 185 129.518 80.6
uni 189 190 142.055 158.0
bi 191 104 55.319 80.4
uni 192 162 145.301 110.4
bi 193 194 62.19 213.5
bi 196 197 135.777 144.3
bi 199 133 123.987 127.2
uni 200 43 162.574 204.5
bi 201 202 115.628 102.3
uni 203 17 279.552 85.7
bi 204 205 43.54 204.6
bi 206 207 121.252 159.4
LISTA_ARISTAS_NOREQ :
bi 26 128 107.3 0.0
bi 457 659 116.853 0.0
bi 672 225 36.371 0.0
bi 40 679 28.324 0.0
bi 593 694 106.304 0.0
bi 401 402 15.708 0.0
bi 413 145 38.025 0.0
bi 112 440 41.813 0.0
bi 441 138 84.398 0.0
bi 513 234 43.238 0.0
bi 833 120 44.581 0.0
uni 835 817 317.858 0.0
uni 840 32 27.52 0.0
uni 416 841 35.416 0.0
bi 443 842 28.37 0.0
uni 569 781 21.697 0.0
bi 192 845 61.579 0.0
bi 846 441 27.907 0.0
bi 758 572 38.506 0.0
uni 610 444 76.568 0.0
uni 622 820 31.828 0.0
uni 715 603 100.309 0.0
bi 341 861 36.572 0.0
uni 816 930 187.468 0.0
uni 826 455 28.684 0.0
uni 667 424 48.123 0.0
bi 328 525 106.673 0.0
uni 635 271 44.107 0.0
bi 424 473 35.17 0.0
bi 489 490 44.835 0.0
bi 491 492 23.86 0.0
bi 269 513 42.804 0.0
bi 387 388 17.057 0.0
bi 389 390 49.076 0.0
bi 854 312 84.181 0.0
bi 444 589 109.164 0.0
uni 167 659 35.04 0.0
uni 32 826 29.997 0.0
bi 792 187 22.737 0.0
uni 936 721 42.734 0.0
uni 31 455 19.134 0.0
bi 456 457 116.11 0.0
bi 317 428 68.09 0.0
bi 469 470 9.761 0.0
uni 484 483 12.118 0.0
uni 706 208 39.48 0.0
uni 731 148 129.906 0.0
bi 810 503 28.272 0.0
bi 514 167 116.028 0.0
uni 499 788 87.344 0.0
bi 883 678 67.186 0.0
bi 99 389 42.828 0.0
uni 469 891 135.603 0.0
bi 523 354 61.919 0.0
bi 297 298 80.193 0.0
bi 312 313 57.59 0.0
bi 231 173 70.464 0.0
uni 328 327 28.236 0.0
bi 517 382 26.674 0.0
bi 518 519 105.174 0.0
bi 539 540 86.889 0.0
bi 758 614 11.12 0.0
uni 987 1005 120.769 0.0
uni 1090 984 555.545 0.0
uni 1091 1080 61.673 0.0
uni 1092 843 574.978 0.0
uni 1092 484 37.701 0.0
bi 483 1092 50.269 0.0
bi 1094 1095 68.339 0.0
bi 1075 828 93.113 0.0
bi 475 1090 8.046 0.0
bi 804 517 19.364 0.0
bi 957 1094 68.834 0.0
bi 222 97 149.88 0.0
uni 535 416 63.416 0.0
bi 334 776 29.342 0.0
uni 95 586 357.952 0.0
uni 214 568 19.688 0.0
uni 947 36 101.841 0.0
bi 584 260 49.759 0.0
bi 421 936 25.432 0.0
uni 1071 983 169.644 0.0
bi 982 1043 155.636 0.0
bi 893 1069 83.312 0.0
bi 1068 1069 163.995 0.0
bi 914 944 19.481 0.0
uni 1061 447 856 0.0
bi 623 1060 134.546 0.0
bi 923 623 143.612 0.0
uni 1061 1058 43.076 0.0
bi 737 883 21.002 0.0
bi 238 621 16.023 0.0
bi 1078 737 24.042 0.0
uni 624 37 119.992 0.0
uni 864 624 88.332 0.0
uni 1081 835 45.442 0.0
uni 1082 1062 44.989 0.0
uni 1062 1081 37.554 0.0
uni 1062 1083 38.444 0.0
bi 1083 1063 29.652 0.0
uni 930 1063 240.162 0.0
uni 1082 1081 35.725 0.0
uni 1084 786 457.734 0.0
uni 911 1082 569.465 0.0
bi 910 981 18.449 0.0
bi 802 1038 376.865 0.0
uni 1039 980 313.418 0.0
uni 1041 816 80.296 0.0
uni 930 801 663.475 0.0
bi 343 802 111.879 0.0
uni 1087 1084 136.035 0.0
uni 1083 1087 1280.39 0.0
uni 843 415 38.74 0.0
bi 840 878 36.748 0.0
bi 976 962 187.648 0.0
uni 786 1036 141.182 0.0
uni 718 490 36.273 0.0
uni 720 719 101.773 0.0
uni 470 376 63.051 0.0
bi 607 731 99.872 0.0
uni 740 340 19.716 0.0
uni 376 693 91.809 0.0
uni 606 607 35.286 0.0
uni 318 608 35.688 0.0
uni 609 610 27.627 0.0
uni 612 611 50.275 0.0
bi 138 620 28.274 0.0
uni 162 622 332.382 0.0
uni 603 623 103.936 0.0
uni 628 627 21.146 0.0
uni 718 489 34.985 0.0
bi 694 801 100.017 0.0
bi 586 760 187.436 0.0
bi 351 298 23.355 0.0
bi 816 817 49.802 0.0
bi 578 586 107.327 0.0
bi 820 609 73.482 0.0
uni 214 569 19.159 0.0
bi 674 826 30.023 0.0
uni 658 178 58.1 0.0
bi 334 40 151.248 0.0
bi 678 905 40.043 0.0
uni 910 911 57.81 0.0
bi 853 331 25.066 0.0
bi 319 918 37.595 0.0
uni 457 514 47.031 0.0
uni 1003 1007 63.256 0.0
uni 1005 1007 9.931 0.0
uni 1009 1006 147.28 0.0
bi 1003 1004 9.754 0.0
bi 1006 1008 8.94 0.0
bi 1010 1011 9.782 0.0
uni 1008 1011 285.446 0.0
uni 1011 569 172.178 0.0
uni 1011 900 137.666 0.0
uni 1001 1000 93.405 0.0
uni 1007 1001 35.925 0.0
bi 872 606 35.062 0.0
uni 1014 1001 39.342 0.0
uni 1015 1016 29.108 0.0
uni 1017 1014 68.71 0.0
uni 607 1015 99.906 0.0
uni 1015 1014 227.922 0.0
bi 340 1018 16.414 0.0
uni 947 740 24.713 0.0
uni 1018 947 21.319 0.0
bi 1019 405 104.586 0.0
uni 1019 1020 139.169 0.0
bi 329 1020 106.44 0.0
uni 1020 606 92.933 0.0
uni 1018 1021 147.275 0.0
uni 1021 1019 140.152 0.0
uni 341 1022 52.963 0.0
uni 1022 1018 75.305 0.0
uni 1022 212 140.946 0.0
uni 843 1023 75.891 0.0
uni 1023 841 46.093 0.0
uni 1026 628 83.012 0.0
uni 1028 1027 20.383 0.0
uni 1028 939 118.095 0.0
uni 1030 1029 100.597 0.0
uni 740 1030 21.663 0.0
uni 1031 1030 27.572 0.0
uni 1023 1024 62.95 0.0
bi 1032 1033 54.334 0.0
bi 764 1034 4.877 0.0
bi 657 1035 7.194 0.0
uni 1037 981 380.812 0.0
uni 1039 1038 14.216 0.0
uni 1040 1039 17.472 0.0
uni 1038 1041 51.512 0.0
uni 1040 1041 25.749 0.0
uni 817 1040 86.828 0.0
bi 1042 955 6.817 0.0
bi 320 1044 24.835 0.0
bi 1044 1045 11.792 0.0
uni 1050 1049 16.011 0.0
bi 1048 1050 10.239 0.0
bi 1051 1052 12.284 0.0
bi 1054 1053 11.976 0.0
bi 1056 1055 9.718 0.0
bi 278 567 84.319 0.0
uni 569 568 20.948 0.0
uni 586 525 159.976 0.0
bi 1033 1057 50.811 0.0
uni 1058 1059 12.197 0.0
uni 1058 1060 40.739 0.0
uni 1059 1061 42.586 0.0
bi 801 573 81.079 0.0
uni 1062 1063 28.101 0.0
bi 567 1064 151.517 0.0
uni 1002 1005 36.219 0.0
uni 1007 1012 177.46 0.0
uni 992 991 77.411 0.0
uni 691 1037 197.74 0.0
uni 1066 507 286.199 0.0
bi 1068 982 261.159 0.0
bi 978 1068 858.607 0.0
bi 961 1069 55.044 0.0
bi 1069 673 94.406 0.0
uni 985 20 211.336 0.0
uni 7 10 143.244 0.0
bi 1071 685 25.447 0.0
uni 991 998 473.535 0.0
bi 237 238 35.627 0.0
bi 3 953 114.815 0.0
uni 508 543 28.332 0.0
bi 905 831 95.265 0.0
uni 958 535 145.845 0.0
uni 554 141 41.286 0.0
uni 951 667 36.32 0.0
bi 699 757 19.603 0.0
uni 611 635 46.36 0.0
bi 418 846 26.369 0.0
uni 424 115 37.98 0.0
bi 861 456 86.256 0.0
bi 493 638 46.224 0.0
bi 826 31 20.614 0.0
bi 918 959 34.81 0.0
bi 760 820 48.076 0.0
uni 659 95 163.371 0.0
bi 695 98 81.689 0.0
bi 31 840 19.482 0.0
bi 809 875 31.576 0.0
bi 916 567 40.08 0.0
uni 835 930 147.075 0.0
bi 980 910 15.047 0.0
uni 981 911 58.813 0.0
bi 982 983 61.054 0.0
bi 984 200 10.742 0.0
bi 988 989 11.733 0.0
uni 989 318 94.583 0.0
uni 993 992 99.216 0.0
bi 998 999 9.295 0.0
bi 1000 668 8.954 0.0
uni 1001 1002 9.341 0.0
uni 1005 1004 63.153 0.0
uni 1006 1003 95.753 0.0
uni 473 115 23.163 0.0
bi 519 633 243.906 0.0
uni 622 760 57.16 0.0
bi 561 286 98.584 0.0
bi 95 161 130.875 0.0
uni 271 270 37.783 0.0
bi 120 281 43.425 0.0
bi 286 287 136.646 0.0
bi 335 336 35.039 0.0
uni 340 341 124.518 0.0
bi 342 343 92.832 0.0
bi 354 355 39.853 0.0
bi 193 92 60.892 0.0
bi 212 213 87.663 0.0
uni 2 3 243.24 0.0
uni 6 7 110.469 0.0
bi 8 4 114.288 0.0
bi 6 9 184.559 0.0
uni 11 10 112.284 0.0
uni 12 13 120.386 0.0
uni 13 2 120.615 0.0
bi 12 5 115.96 0.0
bi 7 16 115.924 0.0
uni 8 12 128.299 0.0
uni 2 15 119.084 0.0
bi 6 17 115.754 0.0
uni 10 8 92.357 0.0
bi 39 40 134.508 0.0
uni 14 13 120.057 0.0
bi 20 18 127.365 0.0
uni 20 21 73.327 0.0
uni 30 29 45.434 0.0
uni 32 31 17.582 0.0
uni 36 35 68.282 0.0
bi 92 93 63.61 0.0
bi 94 95 108.862 0.0
bi 98 99 31.51 0.0
bi 104 105 25.04 0.0
bi 106 107 32.209 0.0
bi 111 112 45.875 0.0
uni 141 30 25.093 0.0
uni 180 14 119.262 0.0
bi 187 188 22.198 0.0
uni 43 198 6.14 0.0
CORDENADAS_NODOS :
