NOMBRE : Seg_CN
COMENTARIO : 
VERTICES : 1955
ARISTAS_REQ : 2687
ARISTAS_NOREQ : 0
RESTRICCIONES : 0
NODOS_INICIALES : 1
NODOS_TERMINO : 1
LISTA_ARISTAS_REQ :
bi 0 1 140.906 51.697
bi 2 3 123.968 41.738
bi 4 5 67.334 17.6
bi 7 8 92.262 59.997
bi 12 13 88.935 42.071
uni 14 16 42.661 5.157
bi 14 19 34.843 10.672
bi 19 18 40.252 15.545
bi 18 22 73.085 22.505
bi 22 21 35.296 13.136
bi 19 23 73.471 62.106
bi 23 22 41.882 25.251
bi 23 25 18.716 4.367
uni 24 27 45.103 8.02
bi 28 25 41.378 36.178
uni 27 29 45.632 14.934
bi 30 28 41.583 38.404
bi 25 31 20.097 4.658
bi 31 26 81.884 57.625
uni 29 32 40.769 4.044
uni 32 33 41.596 4.714
bi 31 37 42.239 39.429
bi 37 34 86.45 72.711
bi 38 39 57.413 4.976
bi 42 43 71.261 13.25
bi 37 44 50.97 22.757
bi 28 45 106.291 67.535
bi 45 44 41.39 32.637
bi 30 46 98.906 66.916
bi 46 45 43.269 35.295
bi 47 46 43.516 30.259
bi 27 48 119.5 87.534
bi 48 47 45.339 24.982
bi 49 48 22.78 6.032
bi 29 50 110.089 86.335
bi 50 49 22.603 16.587
bi 51 50 21.079 11.293
bi 32 52 103.504 78.3
bi 52 51 20.911 10.373
bi 53 52 21.431 11.474
bi 33 54 97.721 61.298
bi 54 53 22.258 13.81
bi 55 54 19.947 3.322
bi 38 56 62.041 20.637
bi 56 55 28.552 6.718
bi 39 57 49.89 3.808
bi 57 56 62.109 11.122
bi 47 71 65.47 8.982
bi 72 73 95.662 80.056
bi 56 74 64.923 5.959
bi 75 71 46.733 53.644
bi 49 76 78.64 38.245
bi 76 75 21.589 17.278
bi 77 76 20.214 17.452
uni 79 78 55.105 12.307
bi 80 81 59.536 18.444
bi 81 79 122.026 51.148
bi 57 82 74.68 2.395
bi 82 74 61.377 14.197
bi 51 83 85.902 42.679
bi 83 77 21.072 17.536
bi 84 83 20.921 13.026
bi 53 85 93.14 54.023
bi 85 84 20.98 14.539
bi 86 85 21.103 15.016
bi 87 88 86.578 39.38
bi 55 89 100.991 45.08
bi 89 86 17.513 10.534
bi 88 90 46.26 10.014
bi 91 90 84.803 32.726
bi 90 92 44.145 4.255
bi 81 92 23.529 3.95
bi 72 93 41.346 22.474
bi 93 94 94.929 79.392
uni 95 96 83.247 19.173
bi 74 97 41.149 3.414
bi 97 89 31.104 15.404
uni 98 79 30.003 1.497
bi 82 99 33.44 27.831
bi 99 97 66.83 14.608
bi 92 102 24.479 10.889
bi 102 101 122.233 48.124
uni 96 103 28.077 4.905
uni 104 100 76.863 8.741
bi 93 105 42.957 26.702
bi 105 106 106.4 83.908
bi 97 107 42.962 15.815
uni 108 104 75.811 13.596
bi 42 109 251.867 241.744
bi 110 107 77.367 13.356
bi 102 111 44.012 15.123
bi 111 0 27.523 3.141
bi 0 112 95.266 44.911
uni 112 101 47.073 4.365
bi 90 113 70.024 37.31
bi 113 111 44.503 4.743
bi 60 114 158.464 59.158
bi 88 115 71.004 35.681
bi 115 113 46.129 9.335
bi 68 116 155.469 26.494
bi 59 118 163.353 68.472
bi 116 119 48.608 3.098
bi 67 119 155.819 28.81
bi 119 120 78.606 4.76
bi 69 121 155.812 31.91
bi 121 122 50.326 2.454
bi 70 122 156.136 26.215
bi 123 121 63.005 6.927
uni 103 124 41.031 7.789
bi 125 124 54.98 6.954
bi 104 126 47.488 6.556
bi 126 110 77.337 25.896
bi 105 127 42.997 18.19
bi 127 128 102.113 118.001
bi 107 129 44 29.839
bi 75 130 132.203 99.112
bi 130 127 46.265 32.241
bi 131 126 81.287 18.07
uni 124 132 25.032 6.898
uni 132 108 175.628 6.452
bi 77 133 132.102 95.745
bi 133 130 42.254 30.464
bi 110 134 44.145 14.209
bi 134 129 76.786 13.469
bi 84 135 131.909 108.491
bi 135 133 42.865 38.697
bi 86 136 131.058 118.463
bi 136 135 41.286 42.909
bi 120 137 54.012 16.584
bi 126 138 44.762 7.738
bi 138 134 77.488 24.425
uni 132 140 30.055 6.844
bi 141 140 52.379 5.191
bi 129 142 45.018 15.756
bi 142 136 48.28 37.513
bi 115 143 69.026 42.619
bi 143 144 46.023 10.036
bi 113 144 70.493 32.495
bi 144 145 44.604 7.281
bi 146 139 54.438 55.351
uni 131 147 45.745 29.143
bi 147 138 86.502 22.997
bi 134 148 45.932 12.356
bi 148 142 77.305 18.746
bi 145 2 23.926 5.138
bi 138 149 45.058 8.025
bi 149 148 76.786 28.389
bi 139 150 49.159 3.899
bi 150 151 54.742 18.192
bi 152 146 166.546 142.986
bi 153 154 77.713 81.466
bi 155 156 49.695 4.122
uni 140 156 55.091 6.933
bi 146 157 48.997 15.994
bi 157 150 55.2 33.379
bi 158 149 94.379 30.905
bi 137 159 88.017 6.245
bi 159 160 54.92 9.674
bi 161 160 133.062 27.892
bi 160 162 50.326 13.389
bi 163 162 133.033 25.122
bi 118 164 133.016 77.512
bi 114 165 134.056 56.331
bi 165 164 31.409 10.252
bi 162 166 50.325 8.302
bi 167 166 134.132 46.094
bi 143 168 65.207 38.642
bi 166 169 48.639 19.134
bi 117 169 134.011 47.195
bi 169 165 24.377 5.703
uni 123 170 132.493 15.38
bi 170 173 62.32 8.796
bi 121 173 134.022 32.267
bi 173 174 49.389 8.127
bi 122 174 134.038 29.627
bi 174 175 50.139 3.931
bi 116 175 135.027 29.855
bi 175 177 48.545 7.284
bi 119 177 136.028 24.42
bi 177 178 51.514 4.235
bi 137 178 94.274 4.099
bi 151 179 44.13 14.84
bi 179 153 66.825 62.377
bi 2 180 46.717 15.287
bi 180 176 125.195 27.936
bi 181 182 47.005 8.242
bi 144 182 69.884 34.458
bi 182 180 45.077 5.665
bi 149 183 47.146 3.945
bi 183 152 154.455 45.879
uni 158 184 26.699 5.879
bi 150 185 50.272 2.338
bi 185 179 55.121 13.986
bi 152 186 50.183 21.914
bi 186 157 165.782 124.249
bi 187 188 59.803 46.363
bi 157 189 50.156 11.942
bi 189 185 55.719 51.775
bi 190 183 111.925 33.168
uni 156 191 58.07 11.089
bi 192 191 46.866 2.103
uni 184 191 186.469 33.06
bi 183 193 50.224 9.821
bi 193 186 154.271 43.94
bi 186 194 50.183 16.817
bi 194 189 165.661 199.954
bi 181 195 70.113 33.031
bi 195 196 47.827 7.967
bi 182 196 69.686 33.609
bi 196 197 45.76 6.503
bi 180 197 69.451 18.851
bi 178 198 85.952 8.942
bi 190 199 41.855 1.978
bi 199 193 129.697 35.663
bi 200 201 55.844 19.619
uni 201 192 47.047 2.574
bi 197 200 77.842 28.651
bi 202 203 55.69 37.977
uni 191 204 63.06 13.681
bi 205 204 45.208 3.989
bi 204 199 185.925 53.774
bi 206 207 39.632 31.844
bi 193 208 50.265 8.872
bi 208 194 153.905 29.725
bi 179 209 118.673 118.918
bi 209 202 83.109 73.65
bi 210 208 51.333 7.514
bi 169 211 129.895 53.532
bi 211 212 56.369 28.409
bi 164 212 130.833 99.071
bi 166 213 130.326 40.567
bi 213 211 47.901 18.685
bi 162 214 131.918 23.265
bi 214 213 50.005 10.315
bi 160 215 132.245 27.459
bi 215 214 49.951 12.795
bi 185 216 111.448 109.281
bi 216 209 55.022 42.193
bi 198 217 54.889 8.073
bi 217 215 78.646 12.44
bi 177 218 128.733 26.305
bi 218 217 78.728 19.017
bi 175 219 129.927 25.451
bi 219 218 48.274 12.405
bi 174 220 130.281 19.03
bi 220 219 51.046 12.256
bi 173 221 130.394 24.96
bi 221 220 48.709 13.18
uni 170 222 131.055 14.936
bi 222 221 60.091 15.122
bi 223 210 57.459 15.907
bi 189 224 110.623 141.923
bi 224 216 54.807 37.824
bi 225 223 61.446 18.747
bi 226 225 48.764 14.377
bi 227 228 99.282 120.595
bi 229 226 49.509 14.387
bi 216 230 49.919 43.337
bi 231 229 60.193 16.925
bi 196 232 110.848 67.253
bi 233 232 52.781 5.05
bi 207 234 135.887 136.116
bi 200 235 154.854 92.553
bi 224 236 50.737 44.687
bi 236 230 55.734 10.618
bi 207 237 100.033 38.583
bi 237 234 38.613 12.641
bi 206 238 100.28 35.235
bi 238 237 39.108 12.591
bi 239 238 41.199 11.735
bi 240 241 69.708 74.235
bi 219 242 110.617 23.189
bi 243 244 58.826 9.223
bi 221 244 110.658 17.606
bi 214 245 111.128 11.986
bi 244 246 49.764 12.972
bi 220 246 110.902 23.467
bi 246 242 50.288 10.636
bi 217 247 111.138 22.789
bi 245 248 49.795 9.515
bi 213 248 111.729 24.375
bi 247 249 79.27 10.82
bi 215 249 111.405 14.457
bi 249 245 49.756 10.71
bi 248 250 48.17 22.783
bi 211 250 112.174 41.509
bi 250 251 56.107 24.071
bi 212 251 112.225 80.04
bi 242 252 48.121 9.661
bi 218 252 111.368 22.372
bi 252 247 78.888 13.92
bi 233 253 57.006 29.873
bi 210 254 130.167 22.995
bi 209 255 138.632 158.311
bi 255 240 59.755 61.841
bi 223 256 123.102 35.546
bi 256 254 60.893 14.569
bi 225 257 111.411 37.269
bi 257 256 59.846 5.119
bi 230 258 90.109 89.535
bi 258 255 55.387 78.176
bi 236 259 88.655 119.772
bi 259 258 55.695 53.733
bi 234 260 101.694 95.907
bi 240 261 66.09 82.87
uni 231 262 129.889 30.162
bi 262 263 59.55 4.813
bi 229 263 146.365 37.97
bi 263 264 47.101 5.091
bi 226 264 159.506 43.779
bi 254 265 90.311 18.722
bi 256 266 92.035 21.877
bi 266 265 65.497 9.518
bi 253 267 110.526 63.049
bi 267 268 44.921 4.185
bi 232 268 169.643 83.508
bi 268 269 44.858 5.178
bi 232 269 221.333 154.852
bi 257 270 98.227 25.144
bi 270 266 59.856 6.431
bi 249 272 120.526 12.75
bi 250 273 120.52 37.164
bi 273 274 56.388 14.066
bi 251 274 120.516 57.72
bi 275 276 57.368 5.896
bi 244 276 121.02 19.812
bi 272 277 50.358 7.26
bi 245 277 121.017 13.577
bi 247 278 121.024 30.518
bi 278 272 79.169 10.47
bi 277 279 49.782 4.271
bi 248 279 121.018 30.927
bi 279 273 48.038 14.045
bi 252 280 121.033 22.375
bi 280 278 79.419 17.774
bi 271 281 57.232 7.509
bi 242 282 122.019 21.851
bi 282 280 47.256 9.904
bi 264 283 45.199 6.771
bi 283 270 48.316 8.944
bi 276 284 50.381 5.946
bi 246 284 122.014 21.898
bi 284 282 49.788 11.101
bi 281 283 49.521 4.801
bi 260 285 94.004 90.18
bi 286 285 41.547 21.918
bi 255 287 137.314 152.52
bi 287 288 122.664 86.603
uni 271 290 35.364 3.965
bi 269 291 46.754 23.733
bi 258 292 139.27 187.36
bi 292 287 54.525 27.613
bi 293 286 71.957 35.945
bi 259 295 143.232 173.448
bi 295 294 43.084 10.109
bi 296 295 24.993 10.529
bi 265 297 82.321 28.372
bi 276 299 64.011 2.435
bi 300 301 51.305 36.816
bi 285 301 52.767 30.031
bi 266 302 79.962 16.994
bi 302 297 69.787 15.795
uni 299 303 60.088 4.862
bi 299 304 50.827 12.453
bi 284 304 66.874 2.822
bi 305 306 42.977 1.099
bi 282 306 67.881 7.157
bi 270 309 74.886 35.771
bi 306 310 46.753 19.537
bi 280 310 71.148 6.594
bi 278 312 85.982 13.304
bi 313 314 49.063 5.301
bi 315 316 151.03 118.298
bi 274 319 103.026 39.862
bi 319 318 32.207 1.621
bi 272 320 103.72 10.283
bi 317 321 55.499 4.22
bi 267 321 119.605 51.837
bi 273 322 111.785 34.258
bi 308 323 52.379 12.624
bi 323 324 119.546 30.932
bi 277 325 112.194 17.975
bi 279 326 117.337 19.415
bi 326 322 62.951 1.55
bi 321 327 39.648 4.361
bi 268 327 131.334 62.855
uni 329 303 58.908 7.448
uni 331 330 62.008 11.88
bi 332 329 52.256 15.968
bi 333 332 46.631 19.862
bi 307 334 60.354 37.644
bi 331 335 50.276 23.449
bi 335 333 45.975 28.916
bi 291 336 96.538 47.994
bi 314 339 53.641 15.412
bi 339 334 64.509 22.52
bi 336 340 32.754 1.44
bi 341 337 57.152 24.36
bi 324 342 43.317 19.447
bi 294 343 113.955 136.689
bi 343 344 199.838 201.679
bi 297 346 90.432 20.61
bi 323 347 43 16.768
bi 347 342 119.667 68.551
bi 340 4 56.166 7.97
bi 348 346 42.145 18.661
bi 302 349 88.784 16.293
bi 349 348 31.712 13.425
bi 350 349 31.369 12.348
bi 351 350 69.369 34.822
bi 281 352 157.866 55.755
bi 352 351 54.271 13.71
uni 290 6 124.04 25.102
bi 6 352 58.382 14.16
uni 5 289 124.568 23.625
bi 318 353 65.774 13.033
bi 296 355 113.086 155.47
bi 355 343 69.871 133.939
bi 356 353 46.658 8.339
bi 357 356 46.613 13.623
uni 311 358 115.161 8.69
bi 326 359 69.24 5.306
bi 359 357 48.98 12.053
bi 360 359 48.901 12.303
bi 300 361 111.733 114.312
bi 361 355 69.459 62.936
uni 362 5 32.197 2.825
uni 6 362 36.328 5.38
bi 342 363 44.93 14.92
bi 364 360 45.99 9.476
bi 365 354 51.638 42.764
bi 358 366 53.975 10.539
bi 347 368 43.519 22.268
bi 368 363 119.32 72.951
bi 367 369 81.293 40.969
bi 370 364 45.903 11.622
bi 369 371 52.355 20.682
bi 371 372 50.45 12.586
bi 373 372 139.546 47.624
bi 339 374 69.238 40.993
bi 366 375 42.289 8.299
bi 375 370 41.068 9.496
bi 333 376 77.52 31.96
bi 372 377 53.469 17.832
uni 377 331 78.164 30.16
bi 376 378 45.577 16.281
bi 332 378 78.047 31.299
bi 378 379 53.22 23.551
bi 377 380 53.888 13.676
bi 335 380 77.518 33.566
bi 380 376 45.85 17.831
bi 381 361 62.106 73.24
bi 313 382 124.348 48.973
bi 382 374 48.911 6.105
bi 383 365 44.195 57.765
bi 384 381 61.978 64.098
bi 385 382 46.055 3.645
bi 367 386 34.372 13.273
bi 338 387 111.242 117.65
bi 387 384 62.874 57.516
bi 305 388 171.333 102.427
bi 368 389 44.048 21.707
bi 389 386 119.523 68.743
bi 388 390 65.907 3.469
uni 358 390 69.454 17.659
bi 337 391 114.595 102.702
bi 391 387 60.776 68.665
bi 393 394 66.044 55.27
bi 341 395 121.803 56.939
bi 395 391 57.394 88.399
bi 343 396 113.281 71.73
bi 396 397 210.263 169.51
bi 345 398 120.779 145.935
bi 398 395 38.63 76.351
bi 348 399 122.002 183.23
bi 399 398 61.582 81.891
bi 4 400 125.932 38.512
bi 401 399 62.186 45.762
bi 354 402 119.465 140.681
bi 402 401 66.661 64.75
bi 388 403 98.829 35.7
uni 390 403 41.614 6.393
bi 334 404 189.445 133.598
bi 340 405 154.329 49.023
bi 405 400 52.662 6.699
bi 406 396 98.135 98.649
bi 328 407 175.268 51.314
bi 407 405 52.462 7.785
bi 375 408 96.283 44.286
bi 361 409 111.867 106.226
bi 409 406 40.757 7.973
bi 410 411 66.611 21.889
uni 413 412 63.839 20.709
bi 321 414 197.757 70.969
bi 414 407 56.523 8.155
bi 374 404 103.36 54.307
bi 415 409 52.646 35.689
bi 317 416 213.628 68.741
bi 416 414 49.988 11.166
bi 381 417 106.226 158.847
bi 353 418 153.127 42.477
bi 418 416 45.788 5.862
bi 396 419 49.663 23.525
bi 420 417 62.128 51.105
bi 356 421 146.592 40.635
bi 421 418 46.721 6.403
bi 384 420 100.738 85.68
bi 357 422 147.243 39.942
bi 422 421 46.068 6.938
uni 403 423 41.205 5.283
bi 424 425 69.155 26.109
bi 369 425 130.267 65.972
bi 426 420 61.366 59.22
bi 425 427 51.845 19.423
bi 371 427 130.801 18.229
bi 359 428 147.591 38.982
bi 428 422 49.677 5.341
bi 429 413 43.522 0.99
bi 427 430 50.936 6.567
bi 372 430 131.771 17.708
bi 431 423 46.788 18.498
bi 380 432 132.024 62.682
bi 432 433 45.546 13.108
bi 376 433 132.529 64.498
bi 394 434 72.036 27.407
bi 434 431 46.441 18.915
bi 433 435 42.998 10.49
bi 378 436 123.95 57.768
bi 392 436 83.381 9.807
bi 430 437 53.369 16.618
uni 437 377 132.778 48.804
bi 437 432 60.382 17.095
bi 360 438 147.63 46.528
bi 438 428 48.37 7.577
bi 423 439 54.917 7.855
bi 366 439 148.772 45.881
bi 364 440 148.141 57.588
bi 440 438 46.348 5.733
bi 441 442 30.471 14.707
bi 391 445 93.474 79.537
bi 445 426 61.515 80.623
bi 446 447 96.54 28.463
bi 406 448 50.566 32.519
bi 448 419 90.146 120.441
bi 411 449 44.162 13.792
bi 370 450 148.577 60.119
bi 450 440 46.192 7.918
bi 451 452 72.174 13.901
bi 452 446 82.849 22.56
bi 449 453 75.993 47.726
bi 395 455 79.598 82.694
bi 435 456 90.931 22.332
bi 410 457 45.803 17.63
bi 457 449 68.452 48.922
bi 442 458 45.374 38.223
bi 439 459 45.969 9.588
bi 398 460 82.566 107.827
bi 460 455 37.87 46.37
bi 461 450 42.772 7.332
bi 459 461 43.632 10.796
bi 382 462 147.475 97.674
bi 415 463 48.235 31.21
bi 458 464 54.985 37.188
bi 424 464 35.012 8.198
bi 399 465 87.817 82.882
bi 465 460 62.653 65.719
bi 466 463 29.721 16.895
bi 447 467 43.88 3.429
bi 467 429 197.865 62.906
bi 409 468 63.76 33.142
bi 385 469 149.981 95.884
bi 420 470 49.004 28.468
bi 419 471 55.654 26.981
bi 471 472 222.797 186.922
bi 401 473 92.685 37.99
bi 473 465 62.974 52.785
bi 453 474 93.263 47.483
bi 443 474 43.757 2.437
bi 463 475 17.979 8.038
bi 475 468 46.547 59.291
bi 435 476 48.279 2.527
bi 444 477 42.352 9.358
bi 478 470 54.935 73.003
bi 466 479 18.309 13.059
bi 479 475 30.423 46.289
bi 480 469 58.678 13.567
bi 446 481 42.217 8.364
bi 481 467 107.096 34.913
bi 477 482 101.488 58.589
bi 451 482 40.475 3.128
bi 449 483 39.318 5.926
bi 482 484 70.179 37.009
bi 452 484 43.002 6.733
bi 457 485 38.083 14.333
bi 485 483 68.838 47.611
bi 484 481 92.905 29.521
bi 365 486 204.148 330.747
bi 433 487 58.405 14.579
bi 476 487 23.019 3.324
bi 383 488 192.884 305.388
bi 488 486 41.141 117.085
uni 423 489 79.63 15.364
bi 431 490 75.517 31.762
bi 490 489 29.836 12.479
bi 434 493 75.523 20.863
bi 493 490 46.754 32.125
bi 422 494 86.253 22.57
bi 428 495 81.388 16.614
bi 474 496 39.605 4.822
bi 496 497 84.842 25.011
bi 477 497 36.822 1.759
bi 421 498 94.405 30.87
bi 499 471 142.511 98
bi 498 500 46.8 1.691
bi 418 500 102.884 28.524
bi 501 480 124.941 34.665
bi 497 502 101.563 64.058
bi 476 503 73.73 27.263
bi 503 491 80.733 42.351
bi 500 504 47.063 10.347
bi 416 504 111.962 31.142
bi 483 505 38.103 5.433
bi 504 506 50.662 8.662
bi 414 506 120.502 29.983
bi 507 508 280.603 210.574
bi 485 505 107.76 30.551
bi 506 509 57.318 9.267
bi 407 509 131.027 45.212
bi 441 510 91.927 39.74
bi 442 510 83.241 36.242
bi 439 511 91.626 23.209
bi 509 512 53.57 11.632
bi 405 512 140.594 44.34
bi 459 513 84.845 18.842
bi 461 514 82.736 21.932
bi 512 515 51.223 7.764
bi 400 515 158.629 46.64
bi 515 516 60.573 10.711
bi 479 517 58.341 68.594
bi 517 499 75.037 106.778
uni 518 492 26.736 1.936
bi 519 501 70.871 13.36
bi 450 520 92.953 25.821
bi 440 521 100.513 31.05
bi 438 522 109.102 35.103
bi 460 523 97.751 219.853
bi 496 524 36.491 8.653
bi 524 525 84.591 28.08
bi 526 517 52.982 16.087
bi 473 527 82.067 208.345
bi 470 526 84.282 129.923
bi 502 525 138.211 158.633
bi 432 528 125.443 48.334
bi 487 528 81.35 20.409
bi 528 503 125.848 58.943
bi 529 526 48.031 39.362
bi 471 530 100.509 49.191
bi 530 531 234.416 167.623
bi 458 532 134.011 92.014
uni 533 518 49.325 35.161
bi 532 534 49.482 20.422
bi 464 534 125.041 74.838
bi 535 529 67.025 86.578
bi 510 536 64.251 47.938
bi 536 532 36.298 6.94
bi 534 537 64.604 25.585
bi 425 537 165.326 68.736
bi 539 536 47.313 1.724
bi 538 540 42.358 12.616
bi 427 540 178.493 71.323
bi 528 541 52.075 14.363
bi 541 518 223.084 139.999
bi 499 543 99.158 59.643
bi 543 530 143.587 136.191
bi 462 544 164.758 110.497
bi 544 539 49.248 5.881
uni 545 437 177.623 67.297
bi 469 546 166.526 136
bi 528 547 95.648 21.385
bi 549 550 91.426 274.539
bi 472 531 101.522 8.046
bi 516 551 116.509 108.714
bi 551 549 55.636 100.748
bi 536 552 118.659 48.005
bi 534 552 52.467 6.895
bi 553 546 57.799 12.44
bi 554 535 183.853 240.649
bi 555 556 54.893 17.787
uni 556 545 27.979 2.724
bi 557 558 72.948 20.711
bi 541 561 38.425 18.467
bi 562 563 79.842 23.699
bi 563 558 45.417 2.852
bi 564 543 130.043 100.734
bi 552 565 15.097 2.307
bi 526 564 99.512 52.853
bi 566 567 97.707 26.096
bi 567 568 36.008 6.366
bi 506 569 131.972 83.436
bi 569 570 50.731 6.66
bi 571 572 97.724 26.842
bi 572 567 45.214 10.57
bi 538 573 64.07 27.305
bi 574 575 70.33 30.338
bi 575 569 50.704 9.144
bi 576 577 56.468 65.131
bi 578 577 112.893 203.867
bi 579 580 82.802 28.777
bi 580 575 47.499 6.7
bi 581 572 60.217 12.339
uni 582 533 59.549 22.574
bi 508 583 23.887 0.45
bi 584 585 91.292 27.856
bi 585 580 46.489 7.081
bi 501 586 160.462 77.253
bi 587 588 99.351 28.495
bi 588 585 45.251 5.549
bi 495 589 169.752 40.227
bi 589 590 34.195 5.826
bi 591 592 177.344 83.765
bi 535 593 97.974 30.553
bi 593 564 108.146 67.686
bi 594 589 46.876 11.213
bi 595 596 41.753 28.451
bi 559 597 46.947 3.304
bi 597 594 83 23.052
bi 598 599 100.022 119.334
bi 599 600 210.525 46.615
bi 598 601 132.275 31.217
uni 602 556 68.917 26.844
uni 602 548 64.676 10.847
bi 568 603 50.132 5.8
bi 549 604 71.215 91.834
bi 530 605 132.648 31.997
bi 605 591 72.975 13.506
bi 606 593 64.442 44.701
bi 607 603 91.839 17.405
bi 581 608 48.669 74.412
bi 608 607 49.127 15.568
bi 539 609 121.432 59.366
bi 610 611 160.311 118.658
bi 590 614 49.092 5.588
bi 543 615 114.298 55.906
uni 615 605 142.079 118.161
bi 616 617 44.155 11.08
bi 570 618 128.653 34.895
bi 570 619 85.55 26.702
bi 569 622 86.042 20.877
bi 609 623 26.917 3.276
bi 623 620 23.96 6.737
bi 597 624 49.736 3.035
bi 624 614 163.302 55.133
bi 622 619 50.814 10.825
bi 621 625 48.964 9.009
bi 565 625 91.555 61.449
bi 599 626 42.907 61.969
bi 564 627 96.74 59.004
uni 627 615 128.342 93.102
bi 573 628 89.351 71.179
bi 625 628 62.464 28.182
bi 544 629 144.835 100.788
bi 629 623 46.457 10.736
bi 542 630 144.258 95.138
bi 613 631 85.297 19.434
bi 555 632 134.169 98.588
bi 632 633 54.84 7.264
uni 633 602 54.098 19.045
bi 546 634 141.942 91.456
bi 634 629 46.198 16.483
bi 622 636 32.634 2.62
bi 575 637 109.419 34.477
bi 637 636 31.16 4.934
bi 638 635 109.928 34.565
bi 580 639 108.515 41.676
bi 639 637 46.417 11.046
bi 553 640 138.424 46.086
bi 640 634 57.835 13.629
bi 631 641 53.349 13.708
bi 585 642 107.58 53.958
bi 614 643 49.01 4.565
bi 644 643 56.348 15.706
bi 645 646 84.601 17.302
bi 617 647 54.268 24.871
bi 648 644 51.358 18.354
bi 591 649 238.413 133.851
bi 650 651 92.969 81.501
bi 624 652 48.189 4.782
bi 652 648 55.337 18.464
bi 596 653 117.349 114.597
bi 641 654 50.795 11.206
bi 595 655 105.579 74.586
bi 655 653 44.673 21.036
bi 604 656 95.536 53.617
bi 656 655 44.826 41.34
bi 626 657 58.097 73.901
bi 657 658 90.456 27.52
uni 659 660 44.196 12.891
bi 660 656 50.22 24.334
uni 661 659 39.422 5.795
bi 607 662 93.987 38.005
bi 664 657 69.501 137.442
bi 608 666 95.008 120.11
bi 666 662 49.305 8.78
bi 665 667 31.649 2.285
bi 605 670 109.749 22.81
bi 622 671 70.753 9.584
bi 671 661 211.305 75.091
bi 672 663 126.314 42.232
bi 636 673 48.844 2.503
bi 654 674 47.847 12.792
bi 603 675 116.255 5.07
bi 675 669 66.057 6.456
bi 615 676 92.008 44.33
uni 670 676 112.86 127.196
bi 647 677 41.32 19.225
bi 678 675 45.42 3.457
bi 679 680 59.623 39.758
bi 681 673 118.277 38.369
bi 662 682 22.359 4.796
bi 682 678 46.511 4.033
bi 646 683 45.511 14.147
bi 684 683 94.149 31.8
bi 685 682 49.347 6.69
bi 674 686 46.826 10.101
bi 593 687 151.368 122.293
bi 688 685 67.842 15.439
bi 689 687 67.515 38.006
bi 606 689 136.385 95.963
bi 690 691 169.523 80.976
bi 691 688 50.197 34.143
bi 692 689 26.151 4.055
bi 606 693 163.925 116.852
bi 667 694 101.654 191.335
bi 623 694 103.49 58.826
bi 696 697 56.435 25.458
bi 697 698 35.28 8.563
bi 699 695 52.098 18.499
bi 701 699 38.567 11.368
bi 653 702 60.809 16.609
bi 703 701 50.613 14.19
uni 660 704 62.701 8.375
uni 705 610 160.683 787.6
bi 677 706 39.048 15.214
uni 707 661 64.065 5.253
bi 683 708 44.515 12.67
bi 694 709 49.777 56.055
bi 621 709 134.214 74.149
bi 685 710 41.618 11.908
bi 711 708 103.451 32.56
bi 671 712 62.911 7.789
bi 712 707 211.217 22.68
bi 673 713 61.31 3.701
bi 688 714 41.487 7.64
bi 714 710 70.735 18.229
bi 715 713 55.126 8.857
bi 717 715 51.677 14.506
bi 718 716 20.316 3.201
bi 686 719 49.071 6.583
bi 681 720 57.468 13.864
bi 721 718 30.794 6.264
bi 654 722 86.077 27.901
bi 722 723 44.66 10.68
bi 674 723 67.158 12.556
bi 641 725 107.82 27.138
bi 725 722 45.084 11.628
bi 625 728 144.897 88.142
bi 729 720 51.309 11.817
bi 668 731 84.091 52.932
bi 728 732 46.844 15.451
bi 628 732 146.734 105.073
bi 644 733 119.058 33.936
bi 733 729 57.701 8.793
bi 664 734 91.784 138.586
bi 727 735 61.177 27.051
bi 701 735 50.758 16.437
bi 732 736 47.831 22.154
bi 630 736 148.632 105.475
bi 648 737 119.991 38.001
bi 737 733 48.665 7.796
bi 706 738 46.014 27.61
bi 736 739 45.831 20.497
bi 632 739 150.592 104.324
bi 740 737 18.267 2.119
bi 716 741 60.277 18.23
bi 676 742 95.553 52.753
bi 742 743 82.231 204.672
uni 734 744 52.667 35.497
bi 657 744 110.433 129.051
bi 709 745 71.988 26.031
bi 669 746 101.69 26.726
bi 746 740 37.513 5.187
bi 739 747 57.932 19.719
uni 747 633 152.735 96.918
bi 748 746 26.573 1.843
bi 724 749 32.349 8.806
bi 711 750 44.809 8.854
bi 750 749 111.273 42.921
bi 751 742 130.36 90.869
bi 675 752 101.013 26.992
bi 752 748 43.33 7.659
bi 678 756 100.237 31.873
bi 756 752 44.701 7.722
uni 754 757 48.326 8.092
bi 738 753 90.961 21.266
bi 687 758 95.992 57.757
bi 758 751 98.301 96.864
bi 682 759 99.994 34.364
bi 759 756 44.286 5.969
bi 741 760 50.919 14.154
bi 753 761 38.24 16.231
bi 710 762 58.342 14.65
bi 762 759 49.727 6.109
bi 692 765 95.583 54.539
bi 765 758 97.045 75.452
bi 699 767 87.327 29.243
bi 767 764 53.472 21.165
bi 761 769 36.022 19.041
bi 735 769 36.738 3.796
bi 769 767 38.367 16.03
bi 714 770 60.319 7.938
bi 770 762 70.664 11.428
bi 698 771 95.445 40.836
bi 771 765 92.701 95.437
bi 738 772 37.992 19.647
bi 700 774 96.017 16.197
bi 774 771 44.388 28.228
bi 775 770 79.848 6.679
bi 691 775 107.56 104.173
uni 778 773 53.514 21.595
bi 779 754 41.811 23.262
bi 772 780 77.881 25.682
bi 753 780 41.897 10.312
bi 781 757 33.369 12.36
bi 781 779 47.27 14.071
bi 749 782 45.225 16.337
bi 745 783 206.898 60.8
uni 783 747 47.513 4.279
uni 784 778 43.908 26.839
bi 785 782 120.284 52.92
bi 755 787 47.848 23.399
bi 742 788 68.383 44.528
uni 783 789 145.173 33.394
bi 772 792 32.215 18.585
uni 793 784 45.77 5.931
bi 795 781 17.668 7.313
bi 795 796 47.207 10.948
bi 796 779 17.702 8.795
bi 787 797 100.868 76.262
bi 773 797 30.525 12.432
bi 760 798 111.677 27.379
bi 745 798 65.062 29.482
uni 799 794 36.042 26.719
bi 713 803 112.657 11.433
bi 715 804 111.029 49.527
bi 804 803 56.712 5.78
bi 717 806 107.464 51.327
uni 807 799 44.849 16.921
bi 729 808 101.731 29.574
bi 808 806 55.959 2.161
bi 805 809 88.155 166.656
bi 733 810 94.96 25.149
bi 810 808 60.266 1.222
bi 811 740 87.713 11.702
bi 811 810 84.295 5.691
bi 748 812 79.678 15.757
bi 812 811 41.195 2.497
bi 752 813 76.388 14.006
bi 813 812 44.64 3.56
bi 756 814 73.042 18.149
bi 814 813 45.507 6.634
bi 759 815 69.533 12.18
bi 815 814 45.508 4.823
bi 762 816 66.552 10.502
bi 816 815 44.425 2.566
bi 770 817 60.236 10.237
bi 817 816 72.382 4.813
bi 775 818 53.811 0.865
bi 818 817 94.235 9.416
uni 802 819 61.969 2.505
bi 761 819 72.686 25.414
bi 821 795 29.039 14.626
bi 821 822 47.133 25.818
bi 822 796 29.034 19.787
bi 760 824 78.03 27.011
uni 824 823 103.174 21.823
bi 741 825 99.45 36.66
uni 825 824 46.346 2.984
bi 716 826 124.731 46.499
uni 826 825 53.045 3.482
bi 721 827 124.011 55.728
uni 827 826 50.725 3.001
bi 679 828 187.162 222.729
bi 828 829 59.673 54.198
bi 719 830 125.01 55.116
uni 830 827 46.097 3.061
uni 819 831 37.826 4.567
bi 769 831 73.042 23.69
bi 723 832 125.21 44.951
bi 785 833 46.974 6.74
bi 722 834 126.019 49.188
uni 834 832 45.263 4.025
bi 725 835 125.65 51.43
uni 835 834 44.478 5.832
bi 782 836 48.559 9.276
uni 836 835 47.941 4.48
uni 833 836 130.361 31.189
uni 837 807 96.199 43.295
bi 767 838 80.492 25.007
uni 838 833 54.165 8.534
uni 831 838 37.268 4.728
bi 758 839 96.771 39.771
bi 787 840 45.537 44.553
bi 679 841 228.916 234.713
bi 841 828 62.389 49.072
bi 840 842 100.462 157.432
bi 797 842 46.467 51.533
bi 843 786 124.143 53.046
bi 844 841 59.497 49.604
bi 845 822 28.497 9.285
bi 846 821 28.293 10.964
bi 846 845 47.167 11.018
bi 765 847 108.993 69.531
bi 847 839 98.689 84.315
bi 849 848 57.314 4.691
bi 850 849 51.432 1.172
bi 851 850 55.016 2.617
bi 853 851 61.423 5.481
bi 854 853 56.51 1.932
bi 855 844 62.906 38.49
bi 857 843 91.001 16.45
uni 852 859 177.901 22.187
uni 858 860 49.077 3.04
uni 860 861 44.65 2.532
uni 861 862 45.906 2.943
uni 859 858 105.398 11.276
uni 864 863 45.024 2.132
uni 862 864 42.596 3.005
uni 863 865 45.097 2.855
uni 865 866 46.597 3.05
bi 867 846 18.373 7.306
uni 866 868 52.073 3.997
uni 868 869 52.532 6.013
uni 871 870 44.327 3.887
uni 869 871 44.003 5.703
uni 870 874 46.316 3.681
uni 874 876 44.597 5.848
bi 852 877 81.944 8.583
uni 875 878 83.99 15.09
uni 878 873 56.317 3.974
bi 771 879 120.252 76.772
bi 879 847 99.96 69.179
bi 877 880 46.177 4.952
bi 880 881 49.756 5.213
bi 592 649 153.603 35.902
bi 774 879 172.71 402.84
bi 840 882 47.207 58.423
bi 881 883 45.871 4.465
bi 788 884 103.94 109.983
bi 883 885 44.994 6.44
bi 882 842 147.065 200.054
bi 778 887 118.919 141.059
bi 885 888 45.492 5.33
bi 889 857 191.199 40.814
bi 887 890 43.513 55.986
bi 784 890 111.987 85.7
bi 890 891 44.398 63.956
bi 793 891 104.402 75.87
bi 891 892 18.116 35.996
bi 888 886 67.23 5.97
bi 854 893 34.371 2.162
uni 894 809 89.912 55.555
uni 763 895 148.559 55.192
bi 892 896 25.63 23.982
bi 799 896 97.059 92.336
bi 894 897 87.708 289.31
bi 897 805 88.943 161.638
bi 898 889 31.76 14.93
bi 899 895 30.53 4.332
bi 899 867 28.959 11.694
bi 900 843 66.774 440.472
bi 897 900 85.035 321.749
bi 896 901 44.014 58.913
bi 807 901 90.279 83.355
bi 902 903 44.396 20.011
bi 882 902 18.541 5.394
bi 904 905 63.64 59.678
bi 905 884 60.112 37.384
bi 906 898 31.893 10.509
bi 901 907 55.211 85.14
bi 837 907 84.693 77.9
bi 886 908 48.396 6.454
bi 909 906 31.329 13.856
bi 893 910 58.167 2.536
bi 853 910 43.344 11.147
bi 841 911 68.939 9.243
bi 911 912 121.942 68.455
bi 913 905 63.232 42.173
bi 908 914 56.882 8.868
bi 859 916 48.758 6.055
bi 916 915 167.372 46.855
bi 858 917 50.006 7.393
bi 917 916 104.561 20.717
bi 910 918 61.895 1.949
bi 851 918 53.785 9.033
bi 919 920 93.383 17.746
bi 877 920 45.004 11.239
bi 875 922 49.359 8.429
bi 914 923 62.463 9.319
bi 878 924 48.247 8.487
bi 924 922 83.599 26.137
bi 873 925 51.957 2.338
bi 925 924 65.231 17.598
bi 918 926 55 7.263
bi 850 926 62.339 13.556
bi 902 927 28.402 25.582
bi 927 928 47.87 42.125
bi 921 929 58.742 36.009
bi 930 911 121.882 39.292
bi 849 931 71.233 21.2
bi 855 930 69.429 18.436
bi 857 932 70.541 38.109
bi 933 932 98.682 109.202
bi 889 934 41.183 17.126
bi 934 933 88.066 307.411
bi 887 935 44.451 51.483
bi 839 936 107.132 82.294
bi 935 937 62.281 99.369
bi 931 938 57.072 2.428
bi 848 938 84.066 7.933
bi 937 939 43.739 80.917
bi 892 939 44.361 25.232
bi 939 940 25.74 36.432
bi 896 940 43.766 17.563
bi 941 899 44.183 11.746
bi 942 941 40.533 12.333
bi 940 943 19.128 20.762
bi 944 945 230.562 57.719
bi 943 946 56.917 52.387
bi 923 938 165.263 22.046
bi 912 947 68.339 2.918
bi 917 948 35.003 5.784
bi 860 949 84.798 15.642
bi 949 948 49.078 10.158
bi 861 950 84.975 14.999
bi 950 949 43.93 8.901
bi 862 951 85.662 16.373
bi 951 950 46.853 10.251
bi 864 952 85.666 14.009
bi 952 951 43.07 10.847
bi 863 953 86.512 15.201
bi 953 952 45.433 7.276
bi 865 954 86.008 15.875
bi 954 953 44.236 8.301
bi 868 955 85.325 14.636
bi 869 956 84.006 23.302
bi 956 955 53.347 14.877
bi 866 957 86.006 15.48
bi 957 954 46.003 10.639
bi 871 958 83.912 24.183
bi 958 956 44.531 18.584
bi 955 957 51.609 5.556
bi 870 959 84.623 21.155
bi 959 958 44.32 13.521
bi 884 960 69.328 12.619
bi 960 930 121.741 80.114
bi 874 961 84.333 26.294
bi 961 959 45.62 11.937
bi 876 962 84.338 23.991
bi 962 961 45.763 21.741
bi 922 964 36.131 10.586
bi 964 962 47.777 13.132
bi 916 965 44.264 6.999
bi 965 963 157.761 36.652
bi 966 965 103.734 25.512
bi 967 947 58.659 5.704
bi 920 969 44.003 10.89
bi 968 970 59.529 13.748
bi 970 969 44.14 10.019
bi 934 972 32.393 18.255
bi 973 898 68.875 35.112
bi 972 973 33.525 10.257
bi 974 972 86.806 44.465
bi 974 933 33.077 2.572
bi 975 906 65.9 28.228
bi 973 975 30.327 13.013
bi 924 976 45.005 11.305
bi 976 971 83.788 23.896
bi 977 897 70.074 70.068
bi 978 977 32.015 58.881
bi 979 909 61.746 13.485
bi 975 979 31.286 24.63
bi 980 978 28.732 57.006
bi 979 982 29.023 12.612
uni 981 894 70.738 53.702
bi 983 974 99.958 103.692
bi 932 983 33.24 6.742
bi 925 984 46.974 2.161
bi 984 976 74.412 22.365
bi 983 985 107.704 72.009
bi 985 900 69.148 237.137
bi 986 941 29.444 23.53
bi 987 986 40.469 19.438
bi 987 942 29.856 17.806
bi 911 988 67.593 4.818
bi 988 967 63.548 13.617
bi 989 990 44.493 54.482
bi 990 991 44.394 42.067
bi 935 991 43.733 42.455
bi 992 960 122.426 62.594
bi 913 992 68.76 11.262
bi 937 993 43.761 21.188
bi 994 988 59.604 11.05
bi 944 996 44.009 10.37
bi 923 997 66.556 10.756
bi 997 998 28.926 4.916
bi 998 996 135.202 43.818
bi 969 999 27.004 4.932
bi 908 1000 85.923 17.623
bi 999 1001 45.608 9.842
bi 880 1001 113.01 27.522
bi 914 1002 77.727 16.868
bi 1002 997 60.513 9.812
bi 1003 886 96.212 13.446
bi 1003 1000 72.325 17.722
bi 1000 1004 27.021 5.096
bi 1004 1002 27.283 8.21
bi 885 1005 102.013 20.179
bi 1005 1006 28.19 4.26
bi 888 1007 99.01 17.175
bi 1007 1003 43.41 4.849
bi 1008 1005 17.595 1.407
bi 883 1009 106.008 16.901
bi 1009 1008 26.221 4.885
bi 1001 1011 49.098 9.374
bi 881 1011 111.036 21.625
bi 1011 1010 30.719 0.956
bi 1012 994 61.525 12.1
bi 1013 1014 132.849 107.11
bi 930 1012 68.059 5.557
bi 1014 1015 85.554 58.477
bi 1015 974 31.97 5.093
bi 1015 1016 99.518 86.58
bi 983 1016 31.347 4.177
bi 1017 986 29.709 17.622
bi 1018 1017 40.18 17.601
bi 1018 987 29.503 16.185
bi 968 1019 40.401 3.316
bi 965 1020 45.436 9.743
bi 1020 1019 147.723 37.832
bi 936 1021 68.883 10.581
bi 1021 992 121.541 55.212
bi 966 1022 45.411 11.933
bi 1022 1020 103.062 23.706
bi 1023 1012 61.815 11.265
bi 971 1024 46.004 10.718
bi 976 1025 45.005 10.839
bi 1025 1024 83.918 24.181
bi 1026 1025 83.2 24.928
bi 960 1028 67.586 4.743
bi 1028 1023 60.68 9.444
bi 927 1029 99.705 132.001
bi 1030 1031 68.993 7.418
bi 1031 1021 121.536 60.152
bi 989 1032 54.852 55.142
bi 1034 985 64.072 22.534
bi 1035 1033 37.352 16.792
bi 1036 1035 33.746 25.673
bi 1037 1036 33.353 26.931
bi 1038 1037 36.384 19.665
bi 1014 1038 32.786 7.242
bi 1039 1017 29.158 5.879
bi 1040 1034 94.54 204.853
bi 1041 1040 31.81 57.875
bi 978 1041 63.424 37.55
uni 895 1042 70.887 29.479
bi 1043 1018 30.063 16.946
bi 1044 1041 28.279 65.946
bi 980 1044 63.458 20.336
bi 1045 1044 28.235 53.881
bi 1047 1038 84.204 58.336
bi 1048 1047 101.227 66.294
bi 1016 1048 33.022 6.27
bi 1034 1048 101.963 470.16
bi 1049 1028 59.702 11.413
bi 993 1050 54.053 51.975
bi 1050 1051 43.918 68.265
bi 939 1051 98.177 167.167
bi 1051 1052 44.622 35.584
bi 943 1052 99.026 101.316
bi 1054 1031 64.212 18.429
bi 970 1055 80.617 11.614
bi 1055 1056 44.702 11.55
bi 999 1056 54.006 8.705
bi 1019 1057 42.762 3.423
bi 1057 1055 77.341 11.794
bi 1059 1049 67.069 13.961
bi 992 1059 68.043 6.462
bi 1020 1060 44.582 5.735
bi 1060 1057 139.077 36.864
bi 1022 1061 45.262 6.038
bi 1061 1060 101.952 21.728
bi 949 1062 101.166 20.881
bi 1062 1061 49.71 4.775
bi 996 1063 65.006 34.874
bi 1064 1063 136.119 42.719
bi 950 1065 101.518 19.217
bi 1065 1062 44.407 8.216
bi 951 1066 101.693 20.99
bi 1066 1065 46.352 9.494
bi 952 1067 101.516 20.268
bi 1067 1068 21.649 10.402
bi 1068 1066 21.969 1.526
bi 1004 1069 64.01 6.897
bi 1069 1064 115.228 28.573
bi 953 1070 101.52 18.852
bi 1070 1067 45.816 46.242
bi 1071 1070 34.256 11.365
bi 954 1072 101.948 18.054
bi 957 1073 101.292 18.217
bi 1073 1072 45.471 48.017
bi 955 1074 102.224 18.627
bi 1074 1073 52.516 21.318
bi 1075 1003 67.892 11.598
bi 1075 1069 116.246 23.723
bi 956 1076 103.008 31.005
bi 1076 1074 52.301 21.803
bi 958 1077 102.428 37.929
bi 1077 1076 45.468 49.483
bi 1024 1078 45.372 7.067
bi 1006 1079 67.019 7.425
bi 1079 1075 46.366 7.647
bi 1080 1077 27.628 13.981
bi 1078 1081 35.343 3.907
bi 962 1082 101.09 26.241
bi 959 1083 102.395 35.196
bi 1025 1084 46.005 11.215
bi 1084 1078 84.595 27.27
bi 1082 1085 46.258 34.18
bi 961 1085 102.681 34.122
bi 1085 1083 44.883 33.675
bi 1086 1059 60.224 15.587
bi 1008 1087 68.008 14.048
bi 1087 1079 45.015 11.182
bi 1010 1088 68.008 18.413
bi 1088 1087 42.38 7.642
bi 1027 1089 41.716 1.546
bi 1089 1084 93.948 24.696
bi 1011 1090 68.016 7.196
bi 1090 1088 31.344 2.827
bi 1091 1089 123.685 197.812
bi 1092 1093 119.025 42.95
bi 1094 1092 143.412 57.49
bi 1095 1039 33.795 13.846
bi 1096 1097 73.024 7.47
bi 1095 1098 43.046 13.287
bi 1098 1043 32.884 19.508
bi 1029 1100 43.761 44.226
bi 1021 1101 67.994 5.414
bi 1101 1086 61.443 12.067
bi 1100 1102 66.032 96.681
bi 1032 1102 43.679 54.402
bi 1102 1103 42.751 55.141
bi 990 1103 98.237 169.432
bi 991 1104 98.355 167.819
bi 1104 1105 44.844 74.484
bi 1050 1105 61.684 70.773
bi 945 1099 62.319 18.14
bi 1091 1106 44.257 56.508
bi 995 1107 97.688 104.679
bi 1108 1095 16.043 13.584
bi 1109 1101 61.043 15.575
bi 1110 1098 15.469 4.926
bi 1105 1111 87.619 138.298
bi 1053 1111 50.203 10.336
bi 1107 1112 49.372 47.821
bi 1106 1112 10.039 8.738
bi 1090 1113 31.006 4.158
bi 1056 1114 48.025 8.017
bi 1114 1115 45.427 3.756
bi 1001 1115 102.126 18.579
bi 1115 1113 48.294 6.69
bi 1116 1114 44.41 6.87
bi 1117 1116 88.147 14.51
bi 1118 1117 82.69 34.612
bi 1060 1119 45.978 4.038
bi 1119 1118 44.912 5.76
bi 1120 1119 44.97 5.185
bi 1031 1121 68.073 6.406
bi 1121 1109 61.043 16.321
bi 1122 1120 44.816 5.289
bi 1106 1123 73.158 84.365
bi 1124 1125 62.057 2.589
bi 1054 1126 69.332 10.17
bi 1081 1127 44.823 21.7
bi 1078 1128 45.363 5.304
bi 1128 1127 34.667 3.466
bi 1129 1075 47.517 9.96
bi 1131 1035 75.462 24.042
uni 1131 1132 32.433 8.745
bi 1132 1036 75.372 49.046
bi 1084 1133 45.005 9.927
bi 1133 1128 85.377 16.244
uni 1132 1134 33.057 12.117
bi 1134 1037 75.168 46.813
uni 1134 1135 35.715 7.797
bi 1038 1135 75.691 224.258
uni 1135 1136 85.097 18.424
bi 1136 1047 75.567 275.909
bi 1137 1129 153.856 34.228
uni 1136 1138 99.759 28.092
bi 1048 1138 74.799 38.515
uni 1138 1139 97.616 20.551
bi 1139 1034 74.815 20.591
bi 1123 1140 51.304 57.746
bi 1140 1133 101.647 18.408
bi 1093 1141 69.037 18.928
bi 1141 1124 59.476 23.243
bi 1068 1142 56.82 16.893
bi 1126 1121 113.465 51.66
bi 1071 1143 57.007 44.66
bi 1143 1142 102.102 131.296
bi 1063 1144 60.012 30.097
bi 1074 1145 56.995 35.4
bi 1145 1143 107.117 130.012
bi 1069 1146 59.005 15.651
bi 1146 1147 57.201 12.944
bi 1147 1148 58.826 11.632
bi 1064 1148 61.007 18.079
bi 1148 1144 134.702 35.259
bi 1149 1146 65.318 11.233
bi 1150 1149 65.196 10.263
bi 1080 1151 57.93 47.936
bi 1151 1145 125.03 166.282
uni 1152 1045 85.579 53.883
uni 1046 1152 85.424 9.066
bi 1153 1108 35.608 23.948
uni 1152 1153 34.788 5.556
uni 1153 1154 40.021 15.737
bi 1154 1110 37.357 17.36
bi 1155 1151 119.798 162.102
bi 1154 1156 40.471 9.606
bi 1100 1156 47.065 46.564
bi 1156 1157 47.21 40.083
bi 1157 1158 61.338 102.685
bi 1103 1158 47.727 59.136
bi 1158 1159 44.642 55.288
bi 1104 1159 46.941 38.752
bi 1107 1160 41.92 27.719
bi 1159 1161 107.898 133.041
bi 1111 1161 53.549 12.696
uni 1154 1162 87.254 65.198
bi 1092 1163 69.396 11.844
bi 1163 1141 124.228 51.294
bi 1099 1164 69.409 10.842
uni 1167 1165 171.547 30.159
uni 1162 1168 94.786 26.995
bi 1161 1169 39.566 20.504
bi 1170 1150 34.013 10.113
bi 1137 1171 43.725 5.993
bi 1171 1170 143.276 31.044
bi 1160 1172 121.545 161.783
bi 945 1173 69.329 34.857
bi 1173 1164 61.889 17.71
bi 1116 1174 58.007 11.834
bi 1117 1175 59.683 11.009
bi 1175 1174 101.334 17.97
bi 1142 1176 45.466 32.027
bi 1143 1177 45.005 26.546
bi 1177 1176 102.51 135.6
bi 1178 1177 106.552 107.818
bi 1151 1179 44.952 32.609
bi 1179 1178 125.302 151.603
bi 1155 1180 45.257 18.421
bi 1180 1179 120.393 190.325
bi 1144 1181 50.004 6.263
bi 1181 1173 72.254 7.238
bi 1157 1182 48.371 67.984
bi 1182 1183 42.924 50.607
bi 1169 1184 101.958 101.538
bi 1160 1184 49.093 17.213
bi 1183 1185 43.125 65.656
bi 1185 1186 19.51 36.805
bi 1159 1186 48.118 26.856
bi 1149 1187 60.007 16.523
bi 1188 1170 27.848 4.488
bi 1188 1187 79.513 21.744
bi 1189 1168 38.845 4.521
bi 1190 1189 94.335 71.089
bi 1190 1162 42.811 5.216
bi 1186 1191 83.347 102.344
bi 1161 1191 53.742 30.101
bi 1012 1192 180.208 89.08
bi 1023 1193 179.431 76.166
bi 1148 1194 79.013 12.459
bi 1194 1181 136.507 35.77
bi 1171 1195 44.702 8.833
bi 1195 1196 131.938 26.72
bi 1196 1188 18.602 3.414
bi 988 1197 224.784 95.074
bi 994 1198 213.397 81.566
bi 1163 1199 62.351 7.562
bi 1184 1200 121.605 155.483
bi 1172 1200 50.181 67.532
bi 1175 1201 45.21 51.919
bi 1201 1202 111.111 23.206
bi 1174 1202 45.007 9.849
bi 1049 1203 167.358 96.742
bi 1199 1204 124.847 49.44
bi 1141 1204 89.171 15.574
bi 1204 1205 60.392 24.568
bi 1124 1205 102.228 20.008
bi 1176 1206 45.131 17.39
bi 1177 1207 44.608 33.159
bi 1207 1206 102.574 122.405
bi 1208 1207 106.533 158.758
bi 1209 1210 48.014 13.829
bi 1180 1210 42.006 19.857
bi 1059 1211 163.127 97.366
bi 1212 1213 44.921 12.916
bi 1213 1209 45.378 15.826
bi 1179 1214 44.757 33.217
bi 1214 1208 124.892 159.94
bi 1200 1215 53.369 38.978
bi 1140 1215 101.874 58.395
bi 1216 1217 46.955 14.482
bi 1217 1212 45.41 14.369
bi 1210 1214 121.953 173.695
bi 1086 1218 153.13 102.232
bi 1166 1219 76.164 94.715
bi 1220 1190 34.037 20.822
bi 1165 1221 74.268 158.874
bi 1221 1222 117.719 126.516
bi 1222 1220 171.85 205.517
bi 1109 1223 133.416 75.638
bi 1146 1224 104.008 32.471
bi 1224 1225 52.233 9.146
bi 1227 1228 93.888 124.679
bi 1184 1228 48.261 31.777
bi 1181 1229 60.179 3.993
bi 1118 1230 129.012 138.454
bi 1230 1226 54.402 37.457
bi 1119 1231 131.668 162.872
bi 1231 1230 45.138 45.722
bi 1191 1232 58.427 35.384
bi 1120 1233 134.612 163.975
bi 1233 1231 44.794 56.868
bi 1187 1234 58.305 8.099
bi 1234 1224 66.526 20.753
bi 1122 1235 137.308 88.702
bi 1235 1233 44.334 46.122
bi 1228 1236 76.925 83.883
bi 1232 1237 40.141 14.867
bi 1156 1239 119.305 154.729
bi 1236 1240 44.415 28.754
bi 1200 1240 47.052 37.004
bi 1183 1241 72.132 52.15
bi 1185 1242 70.984 37.651
bi 1241 1242 41.657 48.691
bi 1242 1243 69.012 46.359
bi 1237 1244 43.995 55.693
bi 1227 1244 44.214 16.071
bi 1245 1235 127.216 86.484
bi 967 1246 292.253 128.24
bi 1246 1247 57.334 14.647
bi 1206 1248 46.168 12.774
bi 1248 1245 48.991 90.059
bi 1220 1249 38.402 55.85
bi 1207 1250 46.403 49.629
bi 1250 1248 102.25 120.764
bi 1208 1251 46.287 9.639
bi 1251 1250 106.381 135.519
bi 1214 1252 46.301 43.562
bi 1252 1251 124.733 167.325
bi 1255 1254 51.634 12.551
bi 1210 1256 48.007 42.937
bi 1256 1252 120.294 152.096
bi 1253 1257 29.788 0.977
bi 1197 1258 60.911 22.606
bi 1258 1246 63.459 20.679
bi 1194 1259 61.005 11.457
bi 1259 1229 133.403 50.263
bi 1260 1238 81.768 7.946
bi 1257 1261 56.451 7.745
bi 1195 1262 61.941 9.733
bi 1263 1258 34.068 12.876
bi 1115 1264 164.17 35.741
bi 1264 1262 45.03 6.791
bi 1265 1266 47.184 13.349
bi 1114 1267 165.015 41.51
bi 1267 1264 46.831 9.083
bi 1198 1270 63.288 13.901
bi 1266 1271 47.578 12.497
bi 1202 1272 62.013 8.442
bi 1272 1269 32.547 4.431
bi 1204 1273 60.021 3.41
bi 1249 1274 9.688 3.274
bi 1226 1275 42.117 2.606
bi 1273 1276 36.206 9.417
bi 1277 1272 70.818 7.397
bi 1222 1278 46.331 9.749
bi 1278 1274 171.685 194.925
bi 1221 1279 46.425 54.899
bi 1279 1278 117.794 118.89
bi 1276 1280 46.699 12.61
bi 1199 1281 66.727 9.628
bi 1280 1281 48.944 14.699
bi 1244 1282 93.188 91.178
bi 1228 1282 43.816 28.886
bi 1283 1284 28.647 5.632
bi 1173 1285 113.7 38.904
bi 1284 1285 35.09 10.971
bi 1229 1286 48.024 4.986
bi 1225 1287 64.456 16.361
bi 1287 1259 67.16 22.951
bi 1282 1288 77.046 67.673
bi 1236 1288 43.143 15.091
bi 1289 1290 82.73 32.406
bi 1028 1292 267.432 109.653
bi 1292 1290 63.767 18.916
bi 1219 1293 75.127 85.679
bi 1294 1293 54.929 108.16
bi 1293 1295 47.837 59.96
bi 1295 1296 26.291 4.724
bi 1244 1297 44.057 23.021
bi 1274 1298 29.545 6.502
bi 1299 1300 50.789 66.536
bi 1279 1300 31.473 5.747
bi 1235 1301 55.526 59.488
bi 1302 1292 73.365 19.134
bi 1303 1286 65.445 21.323
bi 1245 1304 45.003 42.469
bi 1304 1301 117.42 157.435
bi 1305 1306 128.151 182.121
bi 1243 1306 53.624 72.814
bi 1307 1302 60.037 31.346
bi 1260 1308 80.187 26.857
bi 1238 1308 54.483 10.317
bi 1248 1309 44.004 46.059
bi 1310 1307 60.34 32.988
bi 1101 1311 224.836 97.624
bi 1311 1310 63.919 29.354
bi 1250 1312 45.712 53.888
bi 1312 1309 102.412 125.952
bi 1291 1313 44.932 16.296
bi 1251 1314 45.735 8.661
bi 1314 1312 106.178 128.277
bi 1252 1315 45.003 33.745
bi 1315 1314 124.6 161.672
bi 1256 1316 44.985 43.93
bi 1316 1315 120.041 145.151
bi 1287 1318 31.003 6.662
bi 1313 1320 52.375 9.386
bi 1297 1321 93.533 92.161
bi 1282 1321 44.184 29.369
bi 1209 1325 102.008 103.957
bi 1325 1324 48.719 51.713
bi 1262 1326 53.613 7.863
bi 1326 1322 110.092 42.356
bi 1212 1327 102.008 97.204
bi 1327 1328 44.733 50.976
bi 1213 1328 102.007 108.107
bi 1328 1325 45.41 68.751
bi 1216 1329 101.839 57.717
bi 1329 1330 46.42 57.243
bi 1217 1330 102.011 102.691
bi 1330 1327 44.878 59.631
bi 1320 1329 34.221 12.965
bi 1269 1331 51.01 1.543
bi 1331 1326 101.727 30.196
bi 1259 1332 55.007 9.716
bi 1332 1303 69.315 22.946
bi 1333 1331 102.513 31.653
bi 1246 1334 63.514 17.402
bi 1224 1335 96.014 27.508
bi 1335 1318 53.95 13.627
bi 1321 1337 76.983 68.837
bi 1291 1337 36.417 31.02
bi 1317 1338 52.498 17.419
bi 1339 1340 19.705 4.735
bi 1318 1341 24.002 2.969
bi 1341 1332 66.859 17.032
bi 1303 1342 38.003 10.807
bi 1305 1343 42.588 68.329
bi 1293 1344 41.232 27.79
bi 1319 1345 25.154 10.109
bi 1346 1347 43.843 33.066
bi 1297 1347 44.193 22.743
bi 1338 1348 27.48 1.713
bi 1336 1349 74.596 129.674
bi 1343 1350 105.359 114.574
bi 1268 1351 79.365 29.34
bi 1351 1334 122.182 72.042
bi 1309 1352 45.016 33.947
bi 1353 1354 92.534 180.016
bi 1354 1355 9.134 7.498
bi 1312 1356 43.824 23.232
bi 1356 1352 102.907 76.4
bi 1347 1357 43.943 37.305
bi 1358 1356 106.665 141.933
bi 1315 1359 45.003 40.068
bi 1359 1358 124.47 166.136
bi 1324 1360 36.51 44.547
bi 1360 1359 120.794 214.012
bi 1348 1361 24.683 6.292
bi 1362 1363 112.202 42.177
bi 1332 1364 37.004 7.049
bi 1364 1342 68.627 22.475
bi 1345 1365 16.271 5.206
bi 1261 1366 85.323 25.642
bi 1255 1368 96.974 33.136
bi 1368 1363 46.843 10.5
bi 1357 1369 49.72 40.421
bi 1321 1369 43.857 29.786
bi 1370 1371 46.946 16.097
bi 1304 1371 59.892 70.488
bi 1254 1373 96.772 13.034
bi 1373 1368 51.964 18.264
bi 1372 1374 46.721 25.314
bi 1376 1322 46.674 4.597
bi 1374 1377 53.225 39.817
bi 1301 1377 65.271 66.38
bi 1265 1378 96.77 31.523
bi 1378 1375 46.137 9.341
bi 1326 1379 45.677 9.126
bi 1379 1376 98.44 25.843
bi 1331 1381 45.01 7.449
bi 1381 1379 102.587 27.173
bi 1266 1382 96.794 30.475
bi 1382 1380 32.171 9.264
bi 1383 1382 16.525 4.066
bi 1377 1384 48.228 5.617
bi 1233 1384 125.847 132.47
bi 1271 1385 96.934 36.708
bi 1385 1383 31.969 7.386
bi 1333 1386 46.004 2.184
bi 1386 1381 101.914 32.419
bi 1276 1388 96.774 35.289
bi 1388 1387 34 14.513
bi 1361 1390 33.616 3.416
bi 1341 1390 29.998 5.2
bi 1280 1392 97.049 40.9
bi 1392 1389 33.1 11.83
bi 1393 1392 16.85 2.404
bi 1281 1394 97.715 17.101
bi 1394 1393 46.702 11.176
bi 1284 1395 96.218 17.231
bi 1285 1397 95.953 11.75
bi 1397 1396 28.38 6.713
bi 1384 1399 38.516 5.278
bi 1231 1399 138.061 151.419
bi 1369 1400 48.238 41.063
bi 1337 1401 43.582 55.754
bi 1365 1402 20.862 5.622
bi 1302 1403 76.11 24.028
bi 1403 1292 137.864 18.926
bi 1367 1404 45.197 12.906
bi 1405 1406 56.327 8.992
bi 1404 1407 63.142 41.312
bi 1239 1407 131.896 182.194
bi 1399 1408 90.971 16.751
bi 1407 1409 47.615 56.427
bi 1343 1409 44.624 42.586
bi 1398 1411 48.466 12.326
bi 1313 1412 83.31 121.055
bi 1409 1413 81.819 94.196
bi 1391 1413 22.98 14.516
bi 1364 1414 31.012 6.366
bi 1307 1415 89.299 39.114
bi 1353 1416 43.782 114.22
bi 1416 1417 94.261 147.981
bi 1354 1417 43.81 83.454
bi 1417 1418 105.279 161.451
bi 1419 1418 18.959 17.974
bi 1347 1420 53.632 67.126
bi 1412 1421 53.858 54.726
bi 1320 1421 83.65 90.815
bi 1414 1422 40.405 9.971
bi 1402 1423 21.432 9.513
bi 1423 1424 118.301 121.535
bi 1424 1425 173.201 191.227
bi 1422 1427 25.964 1.258
bi 1342 1427 67.078 27.495
bi 1428 1405 122.249 62.245
bi 1351 1428 62.965 14.185
bi 1400 1429 41.001 22.056
bi 1418 1430 17.558 16.115
bi 1379 1431 47.333 7.236
bi 1431 1432 86.2 20.464
bi 1381 1433 47.094 6.653
bi 1433 1431 104.664 27.585
bi 1430 1434 73.905 70.733
bi 1434 1435 108.46 81.898
bi 1437 1433 82.95 20.699
bi 1436 1438 86.033 2.894
bi 1386 1438 47.014 1.538
bi 1429 1440 28.383 25.879
bi 1401 1440 40.875 31.343
bi 1442 1428 190.475 67.891
bi 1359 1443 64.23 44.265
bi 1444 1443 21.271 5.009
bi 1427 1445 62.558 11.164
bi 1286 1445 140.162 40.4
bi 1440 1446 44.005 36.602
bi 1412 1446 36.775 62.91
bi 1448 1449 44.23 4.46
bi 1450 1447 45.272 6.547
bi 1360 1451 77.211 65.859
bi 1452 1453 94.167 138.48
bi 1417 1453 43.068 57.143
bi 1453 1454 105.514 174.906
bi 1430 1454 25.481 29.115
bi 1325 1455 118.835 155.965
bi 1456 1448 46.873 6.969
bi 1368 1457 81.171 26.573
bi 1457 1458 49.551 7.793
bi 1373 1459 80.099 11.625
bi 1377 1460 78.153 25.644
bi 1459 1457 51.532 16.218
bi 1374 1461 80.014 28.977
bi 1461 1460 45.222 9.948
bi 1462 1459 45.575 7.397
bi 1328 1463 123.605 144.62
bi 1435 1464 27.35 5.967
bi 1464 1465 118.488 125.294
bi 1465 1466 172.98 177.731
bi 1441 1466 27.428 7.475
bi 1467 1462 42.319 3.431
bi 1372 1468 82.918 28.774
bi 1468 1461 45.296 25.173
bi 1420 1469 49.704 30.714
bi 1380 1470 79.601 8.943
bi 1471 1467 36.156 6.165
bi 1383 1472 79.569 18.893
bi 1472 1470 49.493 9.792
bi 1474 1463 30.11 23.723
bi 1445 1475 23.351 2.742
bi 1370 1476 86.904 33.852
bi 1476 1468 45.432 13.385
bi 1387 1477 80.001 21.307
bi 1477 1473 40.358 8.57
bi 1327 1478 128.658 145.731
bi 1479 1477 39.612 7.987
bi 1389 1480 80.116 26.197
bi 1410 1481 62.79 3.16
bi 1482 1480 30.944 9.863
bi 1469 1483 32.025 20.326
bi 1409 1484 65.414 83.96
bi 1393 1485 79.586 21.294
bi 1485 1482 18.101 2.666
bi 1398 1486 77.189 18.997
bi 1361 1487 94.439 16.019
bi 1487 1486 44.108 11.067
bi 1484 1488 48.976 18.669
bi 1439 1488 42.089 25.177
bi 1394 1489 80.383 9.643
bi 1489 1485 48.165 20.91
bi 1490 1478 30.151 24.116
bi 1454 1491 11.372 5.165
bi 1492 1493 47.975 11.934
bi 1338 1493 117.589 24.026
bi 1493 1487 46.059 16.316
bi 1491 1494 73.815 67.759
bi 1434 1494 35.63 13
bi 1396 1497 81.35 7.449
bi 1330 1498 132.706 139.477
bi 1357 1499 103.785 138.166
bi 1475 1500 66.595 7.164
bi 1397 1500 81.46 12.66
bi 1500 1497 26.197 1.963
bi 1501 1498 31.224 13.787
bi 1329 1502 138.036 168.207
bi 1503 1432 49.451 3.237
bi 1431 1504 48.019 7.753
bi 1504 1503 75.512 15.352
bi 1433 1505 48.181 8.27
bi 1505 1504 103.833 30.688
bi 1437 1506 47.797 6.925
bi 1506 1505 83.454 20.894
bi 1499 1507 49.545 65.38
bi 1369 1507 103.809 120.053
bi 1407 1510 79.388 96.16
bi 1512 1509 56.393 33.177
bi 1507 1513 49.964 50.538
bi 1429 1513 62.731 36.683
bi 1514 1512 61.843 38.682
bi 1515 1516 93.939 157.125
bi 1453 1516 43.705 74.47
bi 1516 1517 15.034 8.112
bi 1517 1518 92.98 165.397
bi 1491 1518 35.943 39.751
bi 1436 1519 70.069 38.794
bi 1496 1520 33.575 8.949
bi 1520 1521 118.66 139.474
bi 1521 1522 172.694 176.493
bi 1460 1523 45.219 9.47
bi 1518 1524 73.296 63.09
bi 1494 1524 36.422 9.375
bi 1459 1525 50.969 2.111
bi 1525 1526 105.834 34.749
bi 1476 1527 46.291 6.194
bi 1527 1523 126.546 51.507
bi 1528 1527 49.135 11.797
bi 1529 1528 45.316 29.047
bi 1495 1530 46.599 5.037
bi 1456 1531 59.145 13.071
bi 1483 1532 49.42 5.671
bi 1492 1533 48.695 5.473
bi 1426 1534 95.416 74.731
bi 1534 1529 131.01 115.733
bi 1486 1535 50.004 9.345
bi 1411 1536 112.665 31.138
bi 1422 1537 101.025 19.575
bi 1533 1538 105.457 25.029
bi 1538 1535 32.909 1.268
bi 1462 1539 58.826 13.403
bi 1539 1525 44.955 13.543
bi 1537 1540 94.637 35.76
bi 1541 1503 46.576 4.951
bi 1504 1542 45.013 8.142
bi 1542 1541 64.419 16.687
bi 1505 1543 44.912 7.953
bi 1543 1542 102.732 31.306
bi 1506 1544 44.217 11.546
bi 1544 1543 83.606 20.204
bi 1545 1546 71.807 11.805
bi 1546 1547 47.614 18.05
bi 1467 1548 67.804 16.568
bi 1548 1539 45.31 5.149
bi 1530 1549 88.208 26.174
bi 1482 1549 63.403 21.348
bi 1550 1551 102.893 26.817
bi 1551 1546 45.814 16.46
bi 1549 1552 41.199 9.413
bi 1479 1552 71.377 16.537
bi 1449 1553 103.051 33.395
bi 1553 1551 44.681 15.641
bi 1518 1554 39.221 41.367
bi 1555 1548 47.273 17.788
bi 1556 1540 75.557 14.576
bi 1497 1556 70.361 7.754
bi 1557 1558 36.325 15.114
bi 1558 1559 74.337 70.15
bi 1554 1560 74.492 60.672
bi 1524 1560 36.402 11.552
bi 1520 1559 38.986 15.152
bi 1532 1561 121.133 131.332
bi 1514 1561 51.489 44.092
bi 1512 1562 52.284 45.349
bi 1515 1563 42.607 34.52
bi 1561 1562 63.217 37.021
bi 1563 1564 90.81 152.959
bi 1564 1565 16.708 14.08
bi 1517 1565 43.233 81.585
bi 11 1566 121.801 114.238
bi 1565 1554 92.729 148.69
bi 1552 1567 40.452 14.642
bi 1477 1567 78.667 22.351
bi 1448 1568 99.196 28.964
bi 1568 1553 44.971 16.085
bi 1522 1569 41.137 12.081
bi 1559 1570 119.389 130.475
bi 1570 1569 173.119 195.863
bi 1531 1571 35.757 7.357
bi 1571 1568 48.503 12.799
bi 1567 1572 42.026 9.85
bi 1473 1572 87.576 25.697
bi 1566 1574 44.168 4.633
bi 1534 1575 37.442 17.227
bi 1525 1576 45.874 8.039
bi 1574 1577 48.882 33.986
bi 1532 1577 44.386 15.321
bi 1530 1579 46.178 6.282
bi 1529 1580 51.029 20.057
bi 1538 1581 46.004 10.518
bi 1533 1582 48.014 4.738
bi 1582 1581 106.201 23.676
bi 1583 1580 130.555 68.02
bi 1584 1541 46.191 3.349
bi 1511 9 78.598 53.77
bi 1543 1585 45.999 5.883
bi 1585 1584 156.359 43.107
bi 1544 1586 46.6 7.281
bi 1586 1585 83.814 22.803
bi 1554 1587 33.473 30.271
bi 1579 1588 88.95 26.069
bi 1549 1588 46.181 10.593
bi 1587 1589 108.385 119.909
bi 1558 1589 36.391 9.48
bi 1589 1590 74.178 58.141
bi 1559 1590 36.64 9.608
bi 1450 1591 134.011 184.704
bi 1591 1592 45.346 40.539
bi 1561 1593 43.374 31.345
bi 1562 1594 43.891 31.208
bi 1593 1594 63.284 11.419
bi 1564 1595 43.152 61.646
bi 1596 1597 44.799 86.521
bi 1597 1595 45.462 81.381
bi 9 1598 137.208 135.051
bi 1566 1598 43.465 9.33
bi 1595 1599 109.011 181.032
bi 1587 1599 11.297 4.137
bi 1600 1601 118.582 138.884
bi 1601 1602 173.354 192.391
bi 1602 1603 40.574 38.5
bi 1588 1604 109.216 40.705
bi 1573 1604 65.689 5.798
bi 1605 1591 134.055 259.632
bi 1576 1606 45.713 13.687
bi 1573 1607 51.494 6.599
bi 1579 1608 44.203 3.654
bi 1578 1609 45.056 11.311
bi 1577 1610 44.213 34.624
bi 1583 1611 38.752 10.967
bi 1604 1607 49.69 7.572
bi 1581 1612 44.012 10.53
bi 1612 1613 33.892 3.064
bi 1535 1613 91.007 28.227
bi 1613 1614 168.65 86.673
bi 1580 1615 44.902 22.89
bi 1501 1616 136.97 126.78
bi 1582 1617 46.015 3.205
bi 1617 1612 104.326 27.846
bi 1510 1618 133.128 162.89
bi 1608 1619 44.137 11.574
bi 1620 1584 45.435 5.012
bi 1599 1621 25.866 37.403
bi 1621 1622 108.43 108.649
bi 1589 1622 36.512 16.23
bi 1622 1623 74.356 54.87
bi 1624 1625 228.599 37.887
bi 1600 1623 28.229 10.724
bi 1626 1615 126.088 70.229
bi 1585 1627 44.621 7.962
bi 1627 1620 144.91 41.088
bi 1509 1628 134.39 47.867
bi 1586 1630 45.021 8.496
bi 1630 1627 84.475 26.217
bi 1508 1631 137.064 123.478
bi 1631 1616 45.879 51.29
bi 1632 1611 132.687 156.571
bi 1619 1633 45.165 13.068
bi 1588 1633 45.021 12.576
bi 1594 1634 37.773 5.713
bi 1634 1628 56.511 10.769
bi 1547 1635 101.296 14.164
bi 1606 1636 21.157 2.415
bi 1638 1631 79.943 73.282
bi 1591 1639 45.227 26.936
bi 1546 1640 101.195 30.975
bi 1640 1635 47.137 11.985
bi 1539 1641 110.929 23.628
bi 1641 1636 47.581 15.407
bi 1610 1642 122.135 141.744
bi 1593 1642 44.662 15.02
bi 1642 1637 43.361 11.91
bi 1643 1603 172.199 194.442
bi 1623 1644 14.51 4.254
bi 1644 1643 118.473 84.13
bi 1595 1645 43.466 70.812
bi 1645 1646 109.509 96.108
bi 1621 1646 15.838 13.158
bi 1551 1647 101.186 30.867
bi 1647 1640 45.208 9.443
bi 1548 1648 106.506 21.049
bi 1648 1641 44.056 16.193
bi 1633 1649 83.148 24.453
bi 1604 1649 42.778 6.214
bi 1553 1650 101.165 32.383
bi 1650 1647 45.264 5.565
bi 1555 1651 101.606 23.127
bi 1651 1648 45.858 11.401
bi 1653 7 44.442 16.032
bi 1574 7 93.111 37.751
bi 1605 1654 46.059 18.898
bi 1654 1639 135.335 163.886
bi 1604 1655 42.561 1.837
bi 1568 1656 101.053 30.089
bi 1656 1650 45.755 9.528
bi 1636 1657 23.886 4.425
bi 1610 1659 45.334 32.324
bi 1658 1655 45.396 5.973
bi 1646 1660 19.621 4.553
bi 7 1659 49.658 17.067
bi 1609 1661 47.011 10.564
bi 1661 1656 49.937 11.451
bi 1660 1662 108.186 97.16
bi 1622 1662 36.564 18.096
bi 1662 1663 74.563 63.559
bi 1644 1663 22.376 4.066
uni 12 1618 42.582 21.712
bi 10 1664 119.268 73.071
bi 1613 1665 48.261 4.045
bi 1665 1666 45.163 9.659
bi 1667 1665 44.556 6.716
bi 1668 1667 44.943 11.711
bi 1617 1669 47.534 3.213
bi 1669 1668 47.621 8.978
bi 1652 1664 90.309 78.349
bi 1670 1669 45.202 2.843
bi 1671 1670 45.209 2.013
bi 1672 1620 49.283 2.901
bi 1673 1671 45.212 2.863
bi 1672 1673 48.597 5.75
bi 1674 1672 98.618 25.171
bi 1627 1675 47.766 5.173
bi 1675 1674 34.008 6.71
bi 1664 1676 75.518 35.16
bi 1653 1676 25.609 6.693
bi 1678 1677 45.859 12.773
bi 1630 1679 47.666 7.597
bi 1679 1678 27.034 3.34
bi 1681 1680 46.544 18.833
bi 1666 1682 114.661 28.329
bi 1519 1683 168.094 130.983
bi 1683 1681 93.839 55.691
bi 1626 1684 51.856 19.894
uni 1685 1686 46.728 32.216
bi 1597 1686 86.154 117.422
bi 1657 1687 21.448 4.197
bi 1684 1688 121.399 75.685
bi 1615 1688 58.916 21.647
bi 1689 1683 143.664 53.79
bi 1688 1690 44.3 20.265
bi 1528 1690 156.67 83.46
bi 1635 1691 48.606 3.62
bi 1638 1693 46.947 12.213
bi 1693 1694 93.725 106.646
uni 1686 1695 44.082 39.019
bi 1645 1695 45.328 30.921
bi 1642 1696 43.006 32.28
bi 1632 1697 58.539 38.617
bi 1697 1684 134.836 164.277
bi 1637 1698 55.423 44.272
bi 1698 1693 74.961 67.303
bi 1682 1699 74.465 6.759
bi 1556 1699 140.796 31.572
bi 1647 1700 47.95 6.945
bi 1700 1691 93.44 24.29
bi 1592 1701 106.249 88.076
bi 1701 1697 44.179 23.684
bi 1699 1702 24.594 1.989
bi 1608 1702 80.367 13.088
bi 1651 1703 45.155 11.441
bi 1703 1687 137.53 90.908
bi 1639 1704 59.658 97.593
bi 1704 1701 45.157 26.5
bi 1705 1704 45.904 80.423
bi 1607 1706 89.269 21.167
bi 1706 1703 44.149 20.801
bi 1707 1705 44.871 10.043
bi 1655 1708 51.945 9.087
bi 1708 1706 45.531 20.099
bi 1654 1709 57.261 26.772
bi 1709 1707 43.825 12.848
bi 1658 1710 54.166 8.187
bi 1710 1708 43.987 15.469
bi 1712 1709 44.749 23.295
bi 1660 1714 39.98 8.073
bi 1666 1715 46.86 14.349
bi 1715 1711 107.584 25.506
bi 1716 1712 46.044 19.99
bi 1658 1717 81.246 13.033
bi 1717 1710 61.389 19.786
bi 1691 1718 44.722 3.595
bi 1684 1719 52.311 3.839
bi 1633 1720 96.95 27.555
bi 1720 1717 36.872 11.208
bi 1719 1721 117.543 62.228
bi 1688 1721 47.835 21.206
uni 1714 1722 108.859 41.265
bi 1662 1722 53.406 23.664
bi 1721 1723 92.659 38.601
bi 1700 1724 37.12 5.514
bi 1619 1725 110.218 29.454
bi 1725 1720 47.244 26.013
bi 1674 1728 61.235 14.54
bi 1728 1729 99.776 25.433
bi 1650 1730 84.784 14.062
bi 1730 1724 45.271 12.016
bi 1731 1718 96.477 25.82
bi 1702 1732 44.183 1.857
bi 1732 1725 50.33 24.155
bi 1663 1733 71.695 24.403
bi 1692 1735 56.139 7.955
uni 1735 1736 117.572 47.309
bi 1656 1737 84.676 27.203
bi 1737 1730 45.154 16.006
uni 1736 1738 57.72 11.578
uni 1738 13 47.246 7.778
bi 1703 1739 48.172 2.007
bi 1739 1727 137.971 13.203
uni 8 1740 51.079 61.938
bi 1697 1741 57.876 52.652
bi 1741 1719 134.972 155.364
bi 1708 1742 48.111 10.043
bi 1742 1739 89.06 18.688
bi 1715 1744 46.365 12.775
bi 1744 1743 98.856 30.904
bi 1718 1746 45.886 4.69
bi 1747 1742 115.595 39.984
bi 1745 1748 105.509 60.019
bi 1721 1748 44.276 12.439
bi 1665 1749 105.265 27.724
bi 1749 1744 53.079 26.28
bi 1748 1750 91.98 37.389
uni 1723 1750 45.422 14.243
bi 1667 1752 109.524 24.416
bi 1752 1749 44.541 19.572
bi 1728 1753 45.62 11.842
bi 1753 1754 99.105 29.549
bi 1677 1755 106.946 29.01
bi 1755 1753 45.29 10.412
bi 1678 1756 106.771 26.161
bi 1756 1755 46.752 14.833
bi 1680 1757 106.562 26.551
bi 1757 1756 44.938 15.804
bi 1758 1746 100.152 31.128
bi 1681 1759 107.104 33.343
bi 1759 1757 44.449 11.238
bi 1683 1760 108.642 48.884
bi 1760 1759 116.404 27.194
bi 1668 1761 114.75 22.893
bi 1761 1752 44.97 24.178
bi 1762 1747 139.93 35.093
bi 1741 1763 44.012 43.627
bi 1763 1751 138.284 101.374
bi 1669 1764 120.02 17.943
bi 1764 1761 47.947 22.071
bi 1737 1766 54.25 13.748
bi 1670 1768 125.744 23.985
bi 1768 1764 46.765 24.464
bi 1770 1771 44.709 67.438
bi 1716 1771 77.562 52.155
bi 1661 1772 130.62 21.258
bi 1772 1766 57.375 31.487
bi 1671 1773 130.247 25.111
bi 1773 1768 43.925 17.475
bi 1771 1775 47.244 77.359
bi 1712 1775 84.547 52.818
bi 1775 1776 46.248 58.463
bi 1709 1776 91.491 76.254
bi 1673 1778 135.412 34.84
bi 1778 1773 45.901 21.86
bi 1776 1779 44.715 87.079
bi 1707 1779 99.034 78.268
bi 1779 1780 45.522 84.796
bi 1705 1780 106.981 75.709
bi 1780 1781 45.002 67.691
bi 1704 1781 113.849 96.418
bi 1746 1782 44.387 4.803
bi 1783 1778 48.445 24.083
bi 1781 1784 44.95 91.738
bi 1701 1784 121.377 108.214
bi 1730 1785 81.862 27.587
bi 1751 1786 39.888 4.467
bi 1784 1788 45.643 81.339
bi 1763 1788 27.123 6.507
bi 1786 1789 97.469 87.795
bi 1748 1789 45.887 14.366
bi 1789 1790 91.5 46.39
uni 1750 1790 45.001 56.023
bi 1792 1785 45.24 5.735
bi 1755 1794 45.942 10.138
bi 1794 1795 145.016 50.821
bi 1758 1796 45.3 15.022
bi 1796 1782 104.215 31.469
bi 1759 1797 46.779 11.807
bi 1797 1794 136.221 22.991
bi 1798 1760 46.604 28.914
bi 1801 1802 140.706 44.003
bi 1796 1806 17.94 1.645
bi 1785 1809 33.071 21.008
bi 1809 1806 44.646 31.071
bi 1782 1815 45.273 3.784
bi 1788 1817 43.562 5.024
bi 1817 1818 142.439 11.935
bi 1806 1820 25.856 1.605
bi 1820 1815 106.943 38.614
bi 1819 1821 87.548 30.352
uni 1790 1821 52.79 8.391
bi 1823 1824 147.097 15.668
bi 1826 1823 136.882 60.4
bi 1687 1726 22.483 2.091
bi 1449 1833 37.91 5.033
bi 642 639 47.511 13.327
bi 1834 1835 49.02 6.268
bi 1093 1097 175.582 32.866
bi 1672 1729 61.402 11.14
uni 1846 1845 123.642 90.653
uni 373 1846 69.704 5.315
bi 454 443 94.887 23.107
uni 1850 1849 82.661 12.178
bi 1850 1255 57.977 8.368
bi 1310 1851 102.15 30.192
uni 1851 1481 97.374 9.64
uni 1545 1550 56.59 9.174
bi 1853 381 111.432 118.312
bi 1854 384 111.181 99.23
bi 1855 1197 31.565 8.949
bi 1198 1855 30.367 6.564
bi 1855 1263 62.061 19.693
bi 1205 1856 59.133 15.227
bi 1125 1856 117.418 19.512
bi 1856 1857 53.319 6.698
bi 1261 1857 37.098 8.707
uni 1859 1858 69.584 4.619
uni 1849 1859 85.067 4.257
bi 1859 1860 87.332 39.888
bi 1861 1777 139.634 7.742
bi 1862 1661 137.754 28.469
bi 1726 1863 104.75 42.537
bi 1863 1861 64.524 10.453
bi 1526 1864 47.028 7.009
bi 1864 1531 140.876 54.286
bi 1576 1865 104.359 36.15
bi 1865 1866 35.434 10.189
bi 1866 1578 139.74 58.296
bi 1867 1609 138.509 52.989
bi 1657 1868 105.024 35.349
bi 1868 1862 37.386 8.852
bi 362 1869 54.078 19.153
bi 1869 383 53.606 51.843
bi 400 1869 68.989 9.543
bi 1869 516 178.261 146.416
bi 1870 1871 39.061 11.682
bi 1872 1870 35.268 6.149
bi 1871 286 37.106 8.713
bi 1872 293 36.715 5.257
bi 237 1873 36.263 9.72
bi 1874 1873 40.256 8.217
bi 239 1875 35.858 4.939
bi 1875 1874 39.845 8.714
bi 1873 1876 64.515 19.545
bi 1876 260 39.843 13.456
bi 1874 1877 64.004 28.299
bi 1877 1876 37.947 5.593
bi 1875 1878 63.52 11.038
bi 1878 1877 40.987 6.572
bi 1876 1871 57.289 28.776
bi 1877 1870 58.468 22.464
bi 1878 1872 58.701 11.519
bi 194 1879 44.306 1.894
bi 1879 206 41.704 32.15
bi 1879 239 100.652 17.923
uni 491 456 56.755 2.425
uni 456 393 79.248 5.913
bi 456 434 40.421 6.417
bi 1239 1880 48.237 62.943
bi 1182 1880 71.199 92.216
bi 1880 1241 43.186 69.303
bi 1880 1305 45.572 55.257
bi 1510 1511 46.923 45.102
bi 598 1881 52.888 101.794
bi 1881 626 98.346 216.422
bi 1881 668 60.304 107.915
bi 1147 1882 91.617 24.828
bi 1882 1194 62.126 15.486
bi 1883 1367 174.346 162.038
bi 1365 1883 118.031 149.765
bi 1278 1884 45.871 7.948
bi 1319 1884 117.921 145.786
bi 1884 1339 172.427 189.384
bi 1885 1294 45.966 72.087
bi 1885 1355 50.968 14.697
bi 1355 1886 95.995 187.583
bi 1344 1886 11.127 3.71
bi 1886 1419 24.471 31.602
bi 1296 1887 41.779 25.709
bi 1887 1345 108.819 103.795
bi 1344 1887 74.054 57.947
uni 1139 1888 99.343 112.07
uni 1888 1152 94.924 53.881
bi 1889 845 17.837 6.052
bi 1889 867 47.191 11.464
bi 903 1889 30.289 14.302
bi 1849 1253 59.157 8.404
bi 1126 1891 79.612 20.082
uni 1891 1892 175.515 48.653
bi 1490 1893 135.462 97.312
bi 1893 1605 45.113 53.414
bi 1616 1893 45.284 50.987
bi 1444 1894 132.973 172.023
bi 1894 1575 131.954 204.302
bi 1592 1894 44.988 37.617
bi 1894 1632 48.483 23.3
bi 542 555 47.869 10.104
bi 430 555 191.225 66.017
bi 751 1895 85.22 33.807
bi 1895 788 127.377 99.842
bi 839 1895 97.475 76.525
bi 1895 913 104.454 73.341
bi 404 1896 45.385 18.009
bi 1896 441 49.733 29.693
bi 462 1896 49.128 5.549
bi 1896 539 161.837 93.283
bi 402 1897 96.862 107.426
bi 1897 473 66.106 81.236
bi 486 1897 54.637 95.315
bi 1897 550 142.668 308.697
bi 483 1898 76.262 41.095
bi 1898 496 92.777 51.31
bi 551 1900 86.212 52.505
bi 1900 604 69.477 53.231
bi 1900 659 38.056 10.388
uni 1901 627 79.271 44.02
uni 676 1901 127.077 80.704
bi 687 1901 96.707 71.61
bi 1901 751 95.877 49.352
bi 1419 1902 73.979 63.371
bi 1887 1902 35.491 15.608
bi 1902 1402 108.562 103.179
bi 1434 1902 36.845 16.19
bi 1690 1903 48.759 11.563
bi 1527 1903 158.762 72.612
uni 1903 1723 47.884 4.568
bi 1904 1716 44.94 27.987
bi 1905 1904 109.37 41.681
bi 1904 1770 71.131 33.358
uni 872 837 43.834 21.22
bi 929 1906 22.191 8.684
bi 872 1906 96.178 59.796
bi 1907 1420 61.014 91.493
bi 1907 1908 49.985 14.45
bi 1908 1469 63.095 43.381
bi 1557 1520 72.83 68.469
bi 1606 1909 104.689 37.315
bi 995 1910 23.162 6.76
bi 1910 1911 27.238 12.451
bi 1911 1027 123.509 107.595
bi 1911 1091 43.463 12.517
bi 903 899 44.828 11.255
bi 942 903 44.958 13.808
bi 154 109 118.523 58.871
bi 241 228 80.516 37.96
bi 109 43 158.119 66.005
bi 947 1247 293.605 58.361
bi 1624 1406 99.045 10.203
bi 288 241 135.956 25.215
uni 583 413 221.761 115.339
bi 1569 1602 42.85 45.74
bi 1040 977 63.523 32.848
bi 470 466 45.907 43.888
bi 468 448 56.983 69.196
bi 1043 1039 42.356 24.445
uni 1769 1915 172.668 199.107
uni 1787 1916 148.607 116.112
uni 13 1919 128.419 61.531
uni 1919 1920 76.788 69.353
bi 1664 1919 76.473 25.549
bi 1676 1920 74.434 45.811
uni 1740 1921 124.821 222.194
bi 1659 1740 87.604 46.67
bi 1598 1653 49.424 19.274
bi 1421 1509 66.435 58.955
bi 1693 1905 54.123 16.858
bi 1446 1512 48.102 18.064
bi 1215 1320 101.422 43.921
bi 1240 1313 53.785 22.982
bi 1439 1908 87.359 28.823
bi 1298 1339 18.071 4.876
bi 1659 1696 122.091 117.419
bi 1391 1907 72.356 100.898
bi 1698 1922 54.999 46.442
bi 1696 1921 66.214 48.882
uni 1922 1905 74.196 136.223
bi 1694 1904 52.583 44.029
bi 1474 1605 134.462 173.941
bi 1616 1716 99.7 67.03
bi 1893 1712 101.691 70.009
bi 1577 1593 121.98 148.811
bi 723 719 43.87 9.823
bi 1447 1592 132.879 119.437
bi 1631 1694 45.6 26.561
bi 724 725 48.224 13.379
bi 719 721 45.815 6.015
bi 516 488 48.407 60.978
uni 1892 1923 105.706 26.926
uni 1923 1851 144.238 21.364
uni 1852 1545 58.435 15.141
bi 350 401 126.106 193.044
bi 161 163 49.639 10.255
bi 163 167 50.889 12.417
bi 167 117 47.139 9.935
bi 62 167 157.578 81.665
bi 61 117 157.771 97.102
bi 98 96 56.579 7.985
bi 1596 1685 79.144 141.122
bi 1563 1596 44.005 143.125
bi 1452 1515 44.448 73.789
bi 1416 1452 42.716 108.826
bi 40 1930 50.2 0.61
uni 33 36 56.658 5.529
bi 1821 1825 223.486 118.234
bi 1916 1801 78.124 113.785
bi 1888 1040 74.612 109.941
bi 801 1931 83.321 523.6
bi 658 650 95.949 10.741
bi 1932 612 42.502 2.294
bi 519 586 160.204 60.074
bi 583 1932 121.609 14.399
bi 507 313 195.318 39.205
bi 412 507 284.214 3.298
bi 1933 429 192.626 90.834
bi 1933 412 165.757 35.814
bi 444 451 101.698 37.661
bi 454 411 75.442 22.925
bi 586 665 230.357 139.478
bi 480 385 201.52 74.01
bi 314 307 72.956 15.453
uni 1848 330 132.972 33.588
bi 1934 424 47.84 15.46
uni 1920 8 44.557 64.697
bi 617 612 249.009 115.79
bi 616 1932 242.474 58.628
bi 1935 706 28.877 15.34
bi 706 703 118.891 49.382
bi 677 672 133.619 66.037
bi 647 638 148.908 68.324
bi 1463 1455 45.53 46.852
bi 1455 1451 47.892 35.456
bi 1443 1426 125.336 177.303
uni 1936 1685 100.687 199.212
bi 1939 1940 60.162 1.476
bi 548 560 11.626 1.384
uni 1042 1046 62.982 29.444
bi 1108 1110 43.792 14.056
bi 600 616 126.529 3.285
bi 651 647 29.102 3.664
bi 1899 524 92.005 35.389
uni 1928 1787 143.423 64.674
bi 1400 1401 28.924 7.566
bi 1845 324 41.738 2.479
bi 619 618 43.758 14.177
bi 1754 1783 35.27 4.915
bi 1729 1754 45.177 12.598
bi 1834 729 107.358 27.678
bi 1835 681 47.939 12.557
uni 1858 1891 150.928 14.202
uni 1943 1848 53.589 8.215
uni 576 582 16.077 2.601
uni 489 1942 129.094 40.44
uni 35 41 103.788 1.583
bi 293 1853 58.443 7.476
bi 1854 1853 60.456 138.969
bi 301 296 20.472 10.798
bi 455 445 60.553 91.707
bi 445 1944 45.385 33.836
bi 680 829 194.496 99.777
bi 829 912 68.834 6.168
bi 1945 1946 147.957 80.605
bi 1363 1458 82.785 43.768
bi 1290 1442 65.558 22.211
uni 1940 1945 86.293 9.211
bi 188 154 55.812 5.727
bi 531 592 138.033 29.258
bi 397 472 103.087 28.586
bi 344 397 115.118 33.133
bi 288 344 112.057 19.728
bi 203 188 65.921 12.999
bi 1458 1526 28.339 2.802
bi 34 43 70.194 5.563
bi 228 203 60.713 20.728
bi 24 47 133.082 100.452
bi 1432 1376 49.406 6.248
bi 1466 1522 43.235 17.183
bi 1731 1758 45.6 14.061
uni 243 275 120.51 7.577
bi 1573 1555 45.243 7.64
bi 312 320 87.786 7.338
bi 1909 1867 36.859 8.897
uni 222 243 110.487 6.554
bi 1471 1573 103.296 17.282
uni 235 205 89.962 12.859
uni 204 231 80.246 25.794
uni 289 235 208.332 91.324
bi 1426 1370 212.74 182.197
uni 1165 1166 184.057 172.803
bi 1123 1172 51.47 57.696
bi 40 57 131.221 1.843
bi 1323 1196 63.302 13.48
bi 618 1900 119.691 33.339
uni 392 379 57.472 13.712
bi 1334 1405 63.009 7.918
bi 604 595 43.222 39.242
bi 1914 1950 68.843 26.83
bi 100 110 49.52 10.151
bi 80 78 121.752 18.332
bi 20 30 95.515 57.044
bi 505 1899 76.847 23.453
bi 386 1934 46.292 24.968
uni 275 298 57.859 1.331
bi 1169 1227 68.441 75.767
uni 1722 1733 77.842 19.603
bi 1692 1736 169.511 168.02
bi 1603 1738 100.547 78.034
bi 1557 1496 109.452 62.533
bi 1353 1885 140.475 458.349
bi 1294 1219 127.16 351.595
bi 1296 1299 58.044 81.312
bi 1295 1299 235.985 460.809
uni 1166 1130 194.275 328.428
bi 1167 1189 64.091 20.808
bi 1441 1522 190.908 216.799
bi 1298 1340 158.986 159.898
bi 1029 1032 65.386 79.585
bi 928 989 59.285 82.633
uni 730 731 131.908 6.241
bi 928 935 106.111 173.252
bi 991 993 61.357 79.125
bi 1237 1346 88.579 116.749
bi 480 553 166.857 116.378
bi 389 1934 165.676 129.239
bi 565 573 69.241 30.709
bi 560 561 55.478 24.172
bi 561 1951 95.577 41.487
bi 1951 533 143.374 107.982
bi 1951 690 257.655 103.969
bi 1903 1689 107.11 105.241
bi 1523 1689 164.328 64.109
bi 1523 1519 162.802 69.267
bi 1825 1826 134.338 36
bi 1798 1797 123.932 18.038
bi 1262 1323 117.967 25.383
bi 1317 1492 139.331 12.757
bi 1535 1536 45.586 12.761
bi 1536 1537 43.951 22.692
bi 1540 1614 89.956 2.068
bi 320 364 93.352 19.44
uni 379 329 78.059 50.895
bi 65 120 155.798 36.659
bi 63 161 155.828 45.763
bi 64 163 156.323 49.013
bi 1950 87 70.676 24.065
bi 1950 1953 160.136 86.078
bi 118 1953 69.109 37.831
bi 1953 115 70.297 38.126
bi 164 168 137.205 99.53
bi 251 253 135.571 92.309
bi 111 145 71.026 14.204
bi 195 233 110.549 116.492
bi 1930 95 146.393 41.672
bi 103 1930 249.223 84.003
bi 291 289 131.699 95.49
bi 1526 1456 142.22 62.357
uni 1836 123 156.664 18.862
bi 120 161 78.618 11.053
bi 559 594 137.731 45.506
bi 1954 410 419.589 125.984
bi 16 28 127.628 99.298
bi 704 702 122.597 42.539
bi 702 700 68.103 21.186
bi 698 693 63.343 48.184
bi 596 554 110.133 141.612
bi 550 596 52.775 62.926
bi 465 554 182.938 304.621
bi 387 426 94.753 80.873
bi 1944 478 64.628 79.806
bi 478 529 90.502 118.384
bi 1944 535 99.624 145.696
bi 554 696 149.094 117.929
bi 653 696 87.245 71.415
bi 847 1030 119.045 40.313
bi 1030 936 121.019 76.375
bi 936 913 122.15 73.991
bi 1890 1054 207.91 31.209
bi 1164 1283 124.755 20.759
bi 1121 1892 180.662 52.802
uni 1833 1362 309.888 39.256
bi 1923 1311 67.108 11.87
bi 309 302 59.84 17.09
bi 187 202 66.049 47.504
bi 1442 1270 59.265 16.197
bi 1247 1406 124.501 13.528
bi 1624 1939 112.71 11.559
bi 884 855 121.512 122.546
bi 726 855 176.824 273.427
bi 726 844 261.251 396.999
bi 998 1064 64.009 9.922
bi 338 1854 61.379 12.085
uni 1945 1913 469.306 46.474
bi 151 139 105.25 100.442
bi 187 153 69.082 41.749
bi 1946 1946 350.578 109.396
bi 1122 1061 58.15 4.121
bi 484 502 108.504 39.538
uni 1955 705 332.145 753.791
LISTA_ARISTAS_NOREQ :
CORDENADAS_NODOS :
RESTRICCIONES :
NODOS_INICIALES:
2952
NODOS_TERMINO:
2952