(514, 919)  : 2
(56, 55)  : 1
(531, 746)  : 2
(858, 146)  : 2
(918, 352)  : 0
(99, 120)  : 1
(352, 918)  : 1
(922, 204)  : 1
(204, 922)  : 0
(963, 654)  : 0
(1011, 900)  : 2
(611, 635)  : 2
(696, 920)  : 1
(923, 604)  : 1
(576, 575)  : 2
(288, 337)  : 2
(673, 651)  : 1
(407, 782)  : 2
(188, 29)  : 0
(756, 671)  : 1
(505, 860)  : 2
(735, 284)  : 1
(652, 713)  : 2
(713, 652)  : 2
(381, 186)  : 1
(1004, 1008)  : 2
(1012, 1013)  : 2
(982, 1043)  : 2
(841, 1024)  : 2
(1026, 871)  : 1
(926, 956)  : 1
(778, 283)  : 2
(1027, 500)  : 2
(1029, 1027)  : 2
(728, 1029)  : 1
(628, 1028)  : 2
(35, 1031)  : 2
(805, 806)  : 1
(660, 904)  : 2
(1024, 109)  : 2
(384, 948)  : 1
(274, 1032)  : 1
(429, 268)  : 2
(685, 664)  : 0
(1032, 274)  : 0
(434, 433)  : 1
(1033, 275)  : 2
(1035, 1034)  : 2
(682, 570)  : 2
(661, 1035)  : 2
(904, 863)  : 2
(47, 48)  : 2
(86, 559)  : 2
(830, 969)  : 2
(798, 797)  : 1
(969, 830)  : 2
(897, 884)  : 2
(581, 1046)  : 1
(238, 621)  : 2
(692, 432)  : 1
(1046, 581)  : 1
(591, 290)  : 2
(832, 852)  : 1
(975, 1047)  : 2
(1093, 227)  : 1
(592, 897)  : 2
(732, 652)  : 2
(863, 904)  : 1
(897, 1047)  : 2
(710, 1036)  : 2
(1047, 897)  : 2
(55, 56)  : 1
(1049, 112)  : 2
(8, 4)  : 0
(901, 1051)  : 2
(201, 1052)  : 2
(1052, 1048)  : 2
(496, 1053)  : 1
(662, 267)  : 1
(442, 1054)  : 2
(928, 913)  : 2
(406, 720)  : 1
(864, 624)  : 2
(1053, 1052)  : 1
(349, 278)  : 1
(181, 1055)  : 2
(712, 711)  : 2
(264, 628)  : 2
(1055, 404)  : 2
(499, 788)  : 2
(569, 781)  : 2
(556, 555)  : 2
(245, 64)  : 1
(64, 245)  : 1
(558, 557)  : 1
(1036, 710)  : 1
(147, 146)  : 1
(517, 957)  : 1
(721, 722)  : 1
(559, 274)  : 2
(348, 349)  : 1
(560, 561)  : 2
(815, 293)  : 2
(562, 460)  : 2
(563, 564)  : 2
(564, 563)  : 2
(618, 314)  : 2
(236, 570)  : 0
(501, 527)  : 1
(527, 501)  : 2
(1008, 1006)  : 0
(957, 378)  : 1
(27, 28)  : 1
(573, 371)  : 1
(574, 311)  : 1
(578, 577)  : 2
(916, 567)  : 0
(854, 355)  : 2
(579, 304)  : 1
(534, 341)  : 2
(149, 53)  : 1
(726, 696)  : 2
(53, 149)  : 1
(758, 614)  : 2
(259, 287)  : 1
(669, 402)  : 1
(391, 582)  : 2
(1025, 762)  : 0
(565, 583)  : 2
(476, 546)  : 0
(434, 427)  : 2
(546, 476)  : 1
(431, 430)  : 2
(240, 587)  : 2
(781, 1010)  : 2
(587, 240)  : 1
(1016, 1017)  : 1
(298, 351)  : 1
(520, 521)  : 2
(96, 106)  : 2
(588, 146)  : 1
(146, 588)  : 2
(1060, 1059)  : 1
(311, 240)  : 1
(240, 311)  : 1
(358, 180)  : 0
(574, 739)  : 2
(739, 574)  : 0
(924, 68)  : 2
(435, 927)  : 2
(978, 552)  : 2
(184, 682)  : 2
(615, 266)  : 1
(1003, 373)  : 2
(16, 11)  : 1
(266, 615)  : 2
(918, 959)  : 2
(18, 19)  : 0
(713, 36)  : 2
(309, 701)  : 0
(224, 362)  : 2
(561, 928)  : 2
(1010, 1009)  : 2
(240, 239)  : 2
(865, 160)  : 1
(344, 118)  : 1
(72, 488)  : 2
(318, 608)  : 2
(328, 525)  : 0
(488, 72)  : 2
(757, 635)  : 0
(664, 796)  : 2
(61, 412)  : 2
(192, 162)  : 1
(504, 730)  : 2
(417, 418)  : 2
(940, 430)  : 1
(766, 751)  : 0
(306, 236)  : 2
(465, 199)  : 2
(749, 511)  : 2
(1002, 881)  : 2
(744, 906)  : 2
(513, 338)  : 2
(142, 72)  : 2
(709, 1067)  : 1
(313, 428)  : 0
(889, 902)  : 2
(902, 888)  : 2
(936, 721)  : 1
(902, 922)  : 1
(856, 89)  : 2
(970, 887)  : 2
(887, 970)  : 2
(990, 575)  : 1
(575, 990)  : 0
(1013, 372)  : 2
(234, 334)  : 2
(961, 969)  : 1
(235, 645)  : 2
(16, 17)  : 1
(1043, 946)  : 2
(22, 9)  : 0
(9, 22)  : 1
(896, 1070)  : 1
(977, 1071)  : 1
(700, 657)  : 2
(585, 584)  : 2
(863, 655)  : 2
(509, 846)  : 1
(74, 702)  : 1
(169, 563)  : 2
(715, 603)  : 0
(349, 58)  : 0
(257, 461)  : 0
(82, 634)  : 2
(77, 89)  : 1
(277, 424)  : 2
(739, 276)  : 2
(266, 76)  : 2
(197, 899)  : 2
(305, 617)  : 2
(325, 196)  : 2
(104, 285)  : 1
(640, 747)  : 2
(934, 916)  : 0
(916, 934)  : 1
(190, 274)  : 1
(636, 771)  : 0
(787, 246)  : 2
(959, 353)  : 1
(951, 666)  : 1
(721, 972)  : 1
(984, 814)  : 2
(256, 758)  : 0
(874, 972)  : 2
(537, 536)  : 2
(629, 443)  : 1
(972, 874)  : 1
(293, 815)  : 2
(800, 971)  : 1
(564, 873)  : 2
(752, 303)  : 2
(564, 1035)  : 2
(888, 41)  : 2
(866, 887)  : 2
(1039, 1038)  : 0
(1007, 1001)  : 2
(0, 782)  : 1
(601, 474)  : 1
(782, 0)  : 1
(1074, 406)  : 1
(746, 531)  : 2
(754, 1075)  : 1
(508, 543)  : 0
(964, 1076)  : 1
(957, 1094)  : 1
(969, 961)  : 2
(617, 160)  : 1
(831, 905)  : 2
(86, 902)  : 1
(557, 960)  : 1
(162, 161)  : 0
(1051, 901)  : 2
(228, 754)  : 2
(263, 205)  : 1
(747, 640)  : 1
(754, 228)  : 1
(450, 75)  : 2
(756, 755)  : 1
(79, 339)  : 2
(232, 213)  : 2
(355, 354)  : 2
(885, 398)  : 2
(1057, 721)  : 1
(150, 591)  : 1
(206, 176)  : 2
(235, 236)  : 1
(236, 235)  : 2
(440, 114)  : 2
(87, 69)  : 2
(133, 243)  : 1
(584, 585)  : 2
(243, 133)  : 1
(426, 682)  : 2
(1035, 657)  : 2
(255, 866)  : 2
(183, 1051)  : 1
(244, 245)  : 1
(811, 197)  : 2
(313, 312)  : 2
(619, 867)  : 2
(245, 244)  : 1
(694, 801)  : 0
(307, 189)  : 2
(871, 1026)  : 1
(222, 246)  : 2
(408, 409)  : 1
(85, 887)  : 1
(73, 1004)  : 2
(250, 147)  : 1
(684, 796)  : 0
(939, 340)  : 2
(471, 472)  : 2
(536, 537)  : 1
(1075, 723)  : 1
(949, 915)  : 1
(249, 165)  : 1
(929, 828)  : 1
(145, 228)  : 0
(1083, 1063)  : 0
(228, 145)  : 1
(1063, 1083)  : 1
(420, 263)  : 1
(82, 888)  : 2
(832, 847)  : 1
(223, 798)  : 1
(884, 211)  : 2
(470, 849)  : 2
(669, 626)  : 2
(211, 884)  : 0
(484, 483)  : 0
(626, 669)  : 2
(500, 150)  : 2
(479, 207)  : 2
(887, 85)  : 2
(400, 129)  : 2
(557, 865)  : 1
(129, 400)  : 2
(955, 77)  : 1
(906, 560)  : 2
(146, 858)  : 2
(77, 955)  : 1
(956, 702)  : 2
(69, 87)  : 1
(702, 956)  : 1
(84, 163)  : 0
(9, 17)  : 0
(941, 407)  : 1
(163, 84)  : 1
(160, 467)  : 2
(360, 503)  : 0
(141, 1044)  : 1
(823, 64)  : 2
(851, 836)  : 0
(776, 679)  : 0
(932, 113)  : 1
(416, 415)  : 1
(158, 464)  : 1
(421, 1057)  : 2
(97, 663)  : 1
(912, 724)  : 1
(453, 703)  : 0
(531, 211)  : 0
(265, 1028)  : 2
(826, 31)  : 2
(673, 523)  : 1
(287, 379)  : 1
(39, 40)  : 0
(39, 678)  : 2
(553, 295)  : 0
(295, 553)  : 1
(353, 959)  : 1
(666, 951)  : 0
(512, 504)  : 2
(176, 177)  : 0
(485, 175)  : 2
(955, 797)  : 2
(1064, 636)  : 2
(314, 479)  : 2
(775, 116)  : 2
(855, 61)  : 2
(749, 697)  : 2
(1034, 1035)  : 2
(570, 682)  : 0
(403, 216)  : 2
(288, 233)  : 2
(233, 288)  : 2
(808, 869)  : 1
(297, 351)  : 1
(4, 11)  : 1
(950, 32)  : 2
(11, 4)  : 2
(501, 498)  : 2
(644, 553)  : 0
(63, 64)  : 2
(553, 644)  : 1
(105, 104)  : 1
(827, 294)  : 2
(680, 176)  : 0
(1041, 816)  : 2
(374, 637)  : 2
(707, 62)  : 2
(345, 450)  : 2
(1001, 1000)  : 2
(852, 815)  : 2
(62, 707)  : 2
(633, 519)  : 2
(815, 852)  : 2
(680, 128)  : 1
(467, 305)  : 2
(960, 838)  : 0
(162, 622)  : 0
(838, 960)  : 1
(1031, 740)  : 2
(24, 137)  : 2
(386, 190)  : 2
(64, 498)  : 1
(1011, 1010)  : 0
(498, 64)  : 1
(153, 62)  : 2
(507, 691)  : 1
(635, 757)  : 1
(420, 602)  : 1
(783, 401)  : 2
(383, 378)  : 1
(401, 783)  : 2
(634, 839)  : 2
(476, 23)  : 2
(23, 476)  : 1
(580, 162)  : 0
(548, 366)  : 1
(268, 429)  : 0
(654, 963)  : 1
(721, 1057)  : 2
(996, 189)  : 1
(1038, 1041)  : 2
(895, 699)  : 2
(642, 152)  : 1
(1057, 421)  : 2
(699, 895)  : 2
(548, 597)  : 1
(638, 493)  : 2
(931, 585)  : 0
(671, 756)  : 1
(597, 548)  : 0
(724, 963)  : 1
(963, 724)  : 2
(934, 899)  : 1
(8, 12)  : 2
(927, 928)  : 2
(227, 239)  : 2
(888, 887)  : 2
(604, 251)  : 1
(117, 966)  : 1
(827, 134)  : 2
(200, 824)  : 1
(427, 487)  : 2
(654, 226)  : 2
(805, 74)  : 1
(964, 47)  : 2
(486, 105)  : 0
(47, 964)  : 1
(900, 601)  : 1
(858, 1042)  : 2
(913, 744)  : 2
(1030, 1029)  : 2
(841, 1025)  : 1
(454, 906)  : 2
(705, 222)  : 2
(489, 683)  : 2
(713, 248)  : 1
(725, 950)  : 1
(467, 643)  : 0
(511, 749)  : 2
(336, 920)  : 1
(285, 474)  : 2
(223, 347)  : 2
(966, 698)  : 1
(711, 487)  : 2
(799, 67)  : 2
(965, 570)  : 0
(36, 713)  : 2
(441, 842)  : 2
(570, 965)  : 1
(665, 434)  : 2
(498, 497)  : 2
(434, 665)  : 0
(76, 284)  : 2
(864, 446)  : 2
(834, 875)  : 0
(950, 725)  : 2
(131, 117)  : 2
(339, 958)  : 0
(761, 933)  : 2
(766, 559)  : 0
(892, 637)  : 0
(559, 766)  : 1
(370, 924)  : 1
(330, 45)  : 1
(954, 499)  : 2
(682, 426)  : 1
(391, 174)  : 0
(966, 117)  : 2
(790, 886)  : 2
(632, 134)  : 2
(261, 541)  : 2
(349, 916)  : 1
(916, 349)  : 1
(981, 910)  : 2
(779, 471)  : 2
(471, 779)  : 2
(164, 165)  : 2
(305, 306)  : 1
(808, 738)  : 1
(611, 555)  : 0
(271, 895)  : 0
(35, 728)  : 2
(696, 660)  : 2
(258, 928)  : 2
(554, 1046)  : 2
(650, 969)  : 1
(703, 453)  : 1
(398, 832)  : 2
(580, 610)  : 1
(254, 41)  : 2
(963, 239)  : 1
(927, 435)  : 2
(835, 817)  : 1
(815, 885)  : 2
(354, 355)  : 2
(645, 296)  : 1
(824, 216)  : 2
(6, 9)  : 0
(871, 750)  : 1
(293, 874)  : 2
(296, 645)  : 0
(216, 824)  : 1
(130, 988)  : 2
(9, 6)  : 1
(410, 495)  : 2
(961, 651)  : 2
(503, 360)  : 1
(693, 122)  : 0
(575, 970)  : 2
(595, 711)  : 2
(130, 84)  : 0
(755, 997)  : 1
(84, 130)  : 2
(125, 194)  : 2
(712, 879)  : 0
(221, 534)  : 1
(766, 386)  : 2
(702, 74)  : 2
(151, 753)  : 2
(738, 808)  : 0
(25, 726)  : 2
(18, 20)  : 1
(254, 255)  : 2
(403, 404)  : 0
(966, 851)  : 0
(831, 937)  : 2
(943, 789)  : 2
(297, 298)  : 1
(488, 927)  : 2
(610, 580)  : 1
(100, 412)  : 0
(562, 811)  : 2
(188, 320)  : 2
(679, 40)  : 1
(320, 188)  : 2
(484, 868)  : 2
(128, 680)  : 2
(810, 503)  : 2
(639, 487)  : 2
(85, 86)  : 2
(871, 264)  : 2
(69, 200)  : 2
(869, 808)  : 1
(487, 639)  : 2
(441, 138)  : 2
(971, 800)  : 1
(373, 1012)  : 1
(378, 957)  : 1
(78, 876)  : 2
(354, 523)  : 1
(876, 78)  : 1
(1084, 786)  : 1
(964, 413)  : 1
(413, 964)  : 2
(930, 1063)  : 1
(865, 643)  : 2
(898, 403)  : 0
(361, 697)  : 1
(829, 47)  : 1
(403, 898)  : 1
(415, 367)  : 1
(47, 829)  : 2
(772, 547)  : 1
(657, 700)  : 2
(248, 247)  : 1
(547, 772)  : 1
(1076, 964)  : 1
(958, 949)  : 1
(633, 135)  : 1
(88, 530)  : 2
(381, 327)  : 1
(530, 88)  : 2
(241, 649)  : 1
(34, 993)  : 0
(880, 729)  : 1
(492, 90)  : 0
(382, 383)  : 2
(729, 880)  : 2
(90, 492)  : 2
(383, 382)  : 1
(516, 429)  : 1
(294, 632)  : 2
(429, 516)  : 1
(972, 771)  : 1
(725, 414)  : 2
(771, 972)  : 1
(237, 238)  : 2
(152, 945)  : 1
(414, 725)  : 1
(56, 471)  : 1
(379, 287)  : 2
(100, 101)  : 2
(471, 56)  : 0
(424, 277)  : 2
(464, 677)  : 1
(974, 975)  : 1
(432, 1078)  : 0
(975, 974)  : 2
(651, 650)  : 1
(199, 356)  : 1
(800, 719)  : 1
(580, 445)  : 1
(574, 244)  : 0
(445, 580)  : 1
(659, 631)  : 2
(299, 615)  : 1
(615, 299)  : 2
(620, 901)  : 0
(901, 620)  : 1
(655, 1043)  : 2
(889, 559)  : 2
(390, 389)  : 1
(872, 662)  : 1
(482, 481)  : 0
(256, 531)  : 2
(583, 522)  : 1
(584, 260)  : 2
(386, 766)  : 1
(267, 662)  : 2
(1053, 496)  : 2
(222, 97)  : 1
(86, 85)  : 0
(572, 571)  : 2
(743, 419)  : 0
(466, 210)  : 1
(521, 156)  : 2
(912, 800)  : 2
(1037, 980)  : 1
(437, 260)  : 1
(172, 742)  : 2
(148, 186)  : 1
(944, 914)  : 2
(408, 250)  : 1
(626, 625)  : 0
(251, 370)  : 2
(547, 818)  : 1
(875, 689)  : 0
(818, 547)  : 1
(539, 597)  : 0
(898, 824)  : 1
(824, 898)  : 1
(49, 61)  : 2
(274, 559)  : 1
(1058, 1059)  : 0
(343, 877)  : 2
(263, 262)  : 1
(72, 744)  : 1
(619, 451)  : 1
(423, 666)  : 2
(322, 921)  : 1
(774, 350)  : 2
(644, 468)  : 0
(350, 774)  : 1
(468, 644)  : 1
(594, 502)  : 2
(432, 116)  : 2
(706, 856)  : 1
(116, 432)  : 2
(977, 904)  : 0
(383, 524)  : 2
(502, 501)  : 2
(524, 383)  : 1
(772, 527)  : 1
(977, 433)  : 1
(17, 9)  : 2
(433, 977)  : 0
(460, 562)  : 2
(258, 259)  : 1
(161, 631)  : 1
(649, 241)  : 2
(684, 978)  : 2
(978, 684)  : 2
(552, 558)  : 2
(26, 747)  : 1
(558, 552)  : 2
(343, 802)  : 2
(896, 960)  : 0
(617, 311)  : 1
(537, 953)  : 1
(257, 400)  : 2
(953, 647)  : 1
(21, 985)  : 2
(350, 351)  : 2
(33, 163)  : 2
(41, 201)  : 2
(730, 504)  : 1
(985, 830)  : 2
(973, 912)  : 1
(153, 154)  : 2
(140, 254)  : 2
(986, 732)  : 1
(699, 700)  : 0
(732, 986)  : 2
(152, 151)  : 2
(997, 990)  : 2
(638, 986)  : 2
(986, 638)  : 2
(1033, 1032)  : 2
(987, 73)  : 0
(990, 989)  : 2
(975, 991)  : 1
(992, 34)  : 0
(993, 34)  : 2
(994, 163)  : 0
(31, 826)  : 1
(927, 50)  : 2
(988, 994)  : 2
(996, 997)  : 2
(1067, 709)  : 2
(160, 617)  : 1
(15, 3)  : 1
(711, 595)  : 2
(307, 995)  : 1
(28, 794)  : 1
(985, 21)  : 1
(401, 402)  : 2
(810, 703)  : 2
(62, 387)  : 2
(998, 469)  : 2
(693, 999)  : 2
(999, 612)  : 2
(1043, 982)  : 1
(1043, 655)  : 2
(970, 575)  : 2
(999, 764)  : 1
(449, 217)  : 1
(904, 660)  : 0
(764, 999)  : 2
(284, 411)  : 2
(374, 375)  : 2
(550, 615)  : 1
(1068, 1069)  : 0
(1000, 1002)  : 2
(1036, 1066)  : 2
(394, 1006)  : 2
(461, 179)  : 1
(186, 148)  : 1
(742, 172)  : 1
(921, 931)  : 1
(736, 394)  : 2
(257, 572)  : 2
(612, 556)  : 0
(556, 612)  : 1
(162, 580)  : 2
(416, 841)  : 2
(531, 256)  : 2
(625, 155)  : 2
(555, 611)  : 1
(217, 449)  : 2
(688, 203)  : 1
(253, 987)  : 1
(438, 437)  : 1
(757, 555)  : 2
(25, 26)  : 2
(758, 256)  : 1
(759, 380)  : 0
(220, 221)  : 1
(521, 520)  : 2
(454, 143)  : 0
(774, 717)  : 1
(763, 172)  : 2
(352, 353)  : 0
(172, 763)  : 2
(764, 556)  : 2
(809, 834)  : 0
(765, 766)  : 0
(1045, 1046)  : 1
(283, 613)  : 2
(767, 674)  : 1
(295, 296)  : 0
(1046, 1045)  : 2
(419, 743)  : 1
(65, 66)  : 0
(674, 767)  : 1
(774, 437)  : 1
(296, 295)  : 1
(683, 180)  : 2
(254, 463)  : 2
(342, 343)  : 2
(870, 522)  : 1
(555, 556)  : 2
(820, 760)  : 1
(246, 551)  : 2
(722, 771)  : 1
(466, 508)  : 2
(771, 722)  : 1
(21, 18)  : 1
(1069, 673)  : 1
(772, 587)  : 1
(773, 774)  : 1
(565, 203)  : 2
(920, 1042)  : 2
(945, 729)  : 2
(375, 768)  : 2
(491, 30)  : 2
(406, 800)  : 2
(30, 491)  : 2
(1021, 212)  : 0
(901, 182)  : 1
(960, 557)  : 1
(165, 249)  : 2
(720, 406)  : 1
(830, 985)  : 1
(777, 776)  : 2
(906, 744)  : 0
(75, 119)  : 1
(991, 975)  : 2
(804, 517)  : 1
(304, 299)  : 1
(687, 19)  : 1
(71, 512)  : 1
(438, 717)  : 2
(97, 222)  : 2
(144, 770)  : 1
(1069, 1068)  : 1
(1027, 627)  : 2
(758, 572)  : 2
(1049, 183)  : 2
(958, 339)  : 1
(867, 475)  : 1
(535, 416)  : 2
(1010, 1011)  : 2
(57, 58)  : 2
(639, 823)  : 2
(334, 776)  : 2
(214, 568)  : 2
(42, 41)  : 1
(651, 961)  : 0
(122, 693)  : 1
(754, 724)  : 2
(692, 491)  : 1
(421, 936)  : 2
(221, 220)  : 2
(936, 421)  : 2
(760, 820)  : 1
(616, 1065)  : 1
(944, 151)  : 0
(690, 400)  : 1
(28, 27)  : 2
(860, 252)  : 2
(487, 711)  : 2
(1069, 893)  : 2
(15, 14)  : 2
(266, 267)  : 1
(1060, 623)  : 1
(216, 494)  : 2
(32, 826)  : 1
(331, 332)  : 1
(346, 292)  : 1
(276, 739)  : 2
(752, 753)  : 1
(623, 923)  : 1
(2, 15)  : 1
(374, 847)  : 1
(945, 152)  : 1
(994, 993)  : 2
(372, 662)  : 2
(883, 737)  : 2
(744, 72)  : 0
(820, 609)  : 1
(255, 352)  : 1
(208, 147)  : 1
(589, 444)  : 0
(142, 171)  : 0
(497, 245)  : 1
(430, 940)  : 1
(879, 712)  : 1
(61, 855)  : 2
(800, 406)  : 2
(527, 528)  : 1
(875, 834)  : 1
(207, 206)  : 2
(241, 242)  : 2
(255, 254)  : 2
(404, 403)  : 2
(653, 358)  : 0
(965, 665)  : 2
(286, 469)  : 2
(222, 279)  : 0
(746, 210)  : 1
(1078, 737)  : 2
(260, 584)  : 1
(242, 241)  : 2
(665, 965)  : 0
(469, 286)  : 2
(737, 1078)  : 2
(668, 65)  : 2
(663, 110)  : 1
(1062, 1081)  : 0
(602, 889)  : 2
(821, 359)  : 1
(145, 413)  : 1
(239, 240)  : 2
(347, 223)  : 1
(911, 1082)  : 2
(897, 592)  : 0
(1090, 475)  : 0
(598, 974)  : 1
(340, 1018)  : 2
(205, 204)  : 0
(379, 780)  : 1
(899, 934)  : 1
(1039, 980)  : 1
(930, 801)  : 2
(988, 130)  : 2
(134, 827)  : 2
(947, 36)  : 2
(840, 878)  : 2
(818, 819)  : 2
(70, 69)  : 2
(241, 97)  : 2
(878, 840)  : 1
(575, 751)  : 1
(225, 508)  : 2
(160, 159)  : 1
(976, 962)  : 1
(825, 123)  : 2
(13, 2)  : 2
(583, 650)  : 1
(718, 490)  : 0
(44, 181)  : 2
(1003, 1007)  : 2
(607, 731)  : 2
(787, 333)  : 1
(1019, 1020)  : 1
(992, 991)  : 2
(552, 978)  : 2
(575, 576)  : 2
(42, 81)  : 2
(623, 1060)  : 1
(40, 334)  : 2
(586, 760)  : 1
(760, 586)  : 1
(370, 593)  : 2
(351, 298)  : 2
(380, 759)  : 1
(244, 276)  : 0
(191, 767)  : 1
(105, 878)  : 0
(904, 335)  : 1
(1087, 1084)  : 1
(1070, 896)  : 1
(317, 146)  : 2
(132, 116)  : 1
(679, 776)  : 1
(320, 1044)  : 2
(18, 21)  : 1
(959, 918)  : 2
(826, 674)  : 2
(97, 241)  : 2
(678, 905)  : 2
(407, 406)  : 2
(479, 314)  : 1
(10, 8)  : 1
(785, 730)  : 2
(319, 918)  : 2
(193, 194)  : 1
(219, 827)  : 1
(504, 512)  : 1
(424, 423)  : 0
(786, 1036)  : 2
(918, 319)  : 2
(570, 236)  : 1
(258, 435)  : 2
(523, 354)  : 1
(262, 263)  : 0
(110, 178)  : 1
(891, 780)  : 2
(1009, 1006)  : 2
(90, 91)  : 1
(176, 680)  : 1
(146, 147)  : 1
(270, 168)  : 2
(794, 1056)  : 2
(202, 201)  : 2
(937, 958)  : 2
(124, 532)  : 1
(1064, 567)  : 2
(1004, 1003)  : 2
(322, 321)  : 2
(592, 848)  : 1
(663, 97)  : 2
(989, 318)  : 2
(103, 102)  : 2
(514, 167)  : 1
(1056, 1055)  : 2
(1005, 1007)  : 2
(99, 98)  : 2
(469, 891)  : 2
(89, 78)  : 1
(189, 307)  : 2
(180, 14)  : 1
(859, 335)  : 2
(59, 150)  : 1
(1008, 926)  : 1
(387, 388)  : 2
(583, 565)  : 0
(794, 28)  : 2
(191, 215)  : 2
(587, 772)  : 1
(621, 238)  : 2
(1034, 764)  : 2
(1011, 569)  : 2
(865, 838)  : 1
(671, 765)  : 1
(73, 987)  : 1
(624, 37)  : 2
(3, 953)  : 0
(367, 309)  : 2
(782, 783)  : 2
(356, 199)  : 2
(72, 142)  : 1
(900, 332)  : 2
(362, 356)  : 2
(50, 927)  : 2
(606, 872)  : 1
(298, 297)  : 1
(802, 343)  : 1
(491, 492)  : 0
(218, 968)  : 0
(1014, 1001)  : 1
(839, 634)  : 0
(830, 687)  : 2
(648, 608)  : 0
(1015, 1016)  : 1
(203, 17)  : 2
(170, 171)  : 2
(707, 177)  : 2
(112, 111)  : 2
(303, 752)  : 2
(927, 488)  : 2
(365, 547)  : 1
(357, 431)  : 2
(919, 220)  : 1
(140, 139)  : 1
(405, 1019)  : 1
(359, 425)  : 1
(688, 687)  : 2
(751, 85)  : 1
(200, 984)  : 2
(914, 944)  : 1
(872, 606)  : 2
(1018, 1021)  : 0
(777, 242)  : 1
(247, 248)  : 2
(915, 679)  : 1
(1082, 1062)  : 0
(404, 494)  : 0
(75, 450)  : 2
(695, 98)  : 2
(658, 663)  : 2
(754, 654)  : 1
(569, 568)  : 2
(98, 695)  : 2
(1022, 212)  : 1
(612, 611)  : 2
(442, 794)  : 1
(743, 648)  : 2
(726, 25)  : 2
(360, 171)  : 1
(823, 184)  : 2
(789, 943)  : 1
(1023, 1024)  : 1
(440, 473)  : 0
(801, 573)  : 1
(159, 229)  : 1
(88, 87)  : 2
(823, 639)  : 2
(628, 627)  : 2
(271, 270)  : 2
(24, 23)  : 1
(321, 931)  : 0
(968, 448)  : 2
(851, 966)  : 2
(256, 257)  : 2
(1018, 947)  : 2
(1026, 628)  : 2
(177, 207)  : 2
(563, 308)  : 2
(136, 137)  : 1
(654, 754)  : 1
(893, 1069)  : 2
(223, 207)  : 1
(853, 331)  : 0
(610, 444)  : 1
(120, 281)  : 0
(649, 481)  : 2
(740, 1030)  : 2
(1031, 1030)  : 0
(675, 260)  : 2
(300, 301)  : 2
(1048, 951)  : 1
(476, 475)  : 2
(439, 217)  : 2
(764, 1034)  : 1
(1044, 141)  : 1
(836, 851)  : 2
(172, 173)  : 0
(117, 116)  : 2
(1028, 1027)  : 2
(128, 206)  : 2
(1088, 708)  : 1
(980, 1037)  : 1
(14, 15)  : 1
(168, 169)  : 2
(41, 42)  : 1
(125, 249)  : 1
(1088, 437)  : 2
(657, 1035)  : 2
(54, 53)  : 2
(120, 99)  : 2
(439, 87)  : 0
(474, 285)  : 0
(904, 977)  : 1
(784, 410)  : 2
(953, 3)  : 1
(752, 914)  : 1
(1028, 939)  : 2
(1093, 226)  : 1
(1046, 554)  : 1
(113, 932)  : 2
(519, 633)  : 1
(836, 300)  : 2
(1040, 1041)  : 0
(368, 854)  : 2
(795, 771)  : 1
(1013, 872)  : 2
(765, 576)  : 2
(753, 752)  : 0
(537, 647)  : 1
(212, 213)  : 0
(312, 515)  : 2
(593, 694)  : 1
(984, 55)  : 1
(203, 688)  : 1
(237, 408)  : 0
(64, 63)  : 2
(46, 381)  : 1
(113, 695)  : 1
(157, 38)  : 1
(745, 868)  : 2
(483, 1092)  : 2
(197, 196)  : 1
(477, 478)  : 1
(998, 999)  : 1
(102, 103)  : 0
(606, 607)  : 2
(529, 463)  : 1
(23, 24)  : 2
(418, 846)  : 2
(156, 521)  : 2
(133, 199)  : 1
(473, 115)  : 0
(513, 234)  : 1
(463, 254)  : 2
(797, 347)  : 2
(775, 491)  : 2
(411, 759)  : 2
(7, 16)  : 1
(143, 454)  : 1
(129, 130)  : 2
(672, 542)  : 2
(365, 587)  : 1
(1050, 1049)  : 2
(101, 100)  : 1
(561, 286)  : 2
(318, 319)  : 2
(161, 95)  : 0
(459, 460)  : 2
(935, 776)  : 0
(117, 131)  : 1
(1075, 828)  : 0
(622, 820)  : 0
(1092, 843)  : 2
(187, 324)  : 0
(213, 310)  : 0
(988, 989)  : 2
(107, 106)  : 2
(116, 775)  : 2
(1071, 983)  : 2
(281, 279)  : 0
(392, 54)  : 2
(76, 75)  : 2
(662, 1065)  : 2
(1059, 1061)  : 1
(577, 94)  : 2
(523, 673)  : 2
(234, 233)  : 2
(424, 115)  : 2
(1094, 1095)  : 1
(148, 149)  : 1
(58, 57)  : 2
(111, 182)  : 1
(281, 120)  : 1
(335, 336)  : 2
(727, 127)  : 2
(878, 105)  : 1
(755, 189)  : 2
(335, 904)  : 2
(126, 571)  : 0
(17, 16)  : 0
(555, 657)  : 0
(1040, 1039)  : 1
(1035, 661)  : 2
(568, 850)  : 2
(1069, 961)  : 2
(983, 982)  : 2
(668, 1000)  : 2
(1008, 1011)  : 2
(826, 455)  : 2
(672, 225)  : 2
(480, 538)  : 2
(390, 704)  : 1
(674, 826)  : 2
(32, 31)  : 2
(452, 136)  : 2
(344, 345)  : 2
(567, 916)  : 1
(1020, 606)  : 1
(347, 206)  : 2
(95, 161)  : 1
(643, 467)  : 1
(340, 341)  : 2
(1071, 685)  : 1
(432, 409)  : 2
(121, 122)  : 2
(92, 193)  : 1
(945, 944)  : 2
(1019, 405)  : 1
(854, 312)  : 0
(0, 1)  : 1
(211, 531)  : 1
(608, 419)  : 2
(572, 758)  : 2
(194, 125)  : 1
(312, 317)  : 2
(179, 83)  : 2
(329, 1020)  : 1
(357, 51)  : 1
(6, 7)  : 1
(335, 858)  : 2
(292, 346)  : 1
(817, 816)  : 1
(657, 555)  : 1
(647, 953)  : 1
(970, 959)  : 2
(698, 91)  : 1
(1017, 1014)  : 0
(460, 839)  : 0
(4, 8)  : 1
(887, 866)  : 2
(635, 271)  : 2
(697, 749)  : 2
(247, 299)  : 1
(1044, 320)  : 2
(811, 812)  : 2
(812, 1064)  : 2
(192, 631)  : 2
(740, 340)  : 2
(603, 623)  : 1
(1033, 1057)  : 2
(120, 833)  : 2
(926, 73)  : 1
(1003, 1004)  : 0
(124, 813)  : 1
(330, 329)  : 1
(746, 543)  : 2
(586, 525)  : 2
(481, 663)  : 1
(920, 696)  : 2
(12, 13)  : 2
(658, 178)  : 1
(93, 92)  : 1
(653, 536)  : 2
(364, 624)  : 2
(11, 16)  : 1
(698, 966)  : 0
(273, 272)  : 2
(1037, 981)  : 1
(1, 804)  : 2
(95, 94)  : 0
(331, 853)  : 1
(567, 278)  : 2
(790, 80)  : 0
(341, 861)  : 2
(970, 989)  : 2
(361, 362)  : 1
(872, 1091)  : 2
(1081, 835)  : 2
(801, 694)  : 2
(513, 269)  : 2
(165, 778)  : 1
(466, 465)  : 2
(213, 212)  : 1
(45, 46)  : 1
(639, 426)  : 1
(873, 564)  : 2
(971, 1074)  : 1
(249, 125)  : 1
(816, 817)  : 1
(188, 187)  : 2
(973, 723)  : 0
(242, 949)  : 2
(905, 831)  : 2
(43, 44)  : 1
(1058, 1060)  : 1
(1047, 975)  : 2
(11, 10)  : 0
(567, 1064)  : 2
(1055, 1056)  : 2
(167, 514)  : 1
(993, 992)  : 2
(457, 514)  : 2
(1074, 971)  : 1
(206, 347)  : 2
(933, 363)  : 1
(910, 911)  : 2
(620, 138)  : 1
(233, 333)  : 2
(470, 376)  : 2
(989, 970)  : 2
(324, 323)  : 1
(225, 672)  : 2
(840, 32)  : 0
(196, 197)  : 2
(846, 418)  : 2
(815, 102)  : 1
(141, 30)  : 2
(163, 994)  : 1
(173, 172)  : 1
(224, 511)  : 2
(609, 820)  : 1
(174, 230)  : 2
(1062, 1063)  : 0
(666, 423)  : 2
(372, 736)  : 2
(316, 317)  : 2
(92, 93)  : 2
(358, 653)  : 1
(334, 40)  : 0
(729, 730)  : 1
(788, 698)  : 0
(804, 1)  : 1
(14, 13)  : 0
(36, 35)  : 2
(111, 112)  : 1
(989, 988)  : 2
(910, 981)  : 1
(171, 142)  : 2
(30, 29)  : 2
(164, 378)  : 1
(450, 345)  : 2
(720, 719)  : 0
(805, 710)  : 1
(5, 12)  : 1
(874, 873)  : 1
(1007, 1012)  : 2
(905, 678)  : 1
(834, 472)  : 1
(874, 1033)  : 2
(882, 93)  : 2
(1016, 148)  : 2
(1068, 982)  : 0
(248, 304)  : 2
(269, 513)  : 1
(389, 99)  : 1
(155, 625)  : 2
(723, 1075)  : 0
(262, 890)  : 2
(843, 415)  : 2
(64, 823)  : 2
(607, 1015)  : 2
(715, 251)  : 2
(502, 594)  : 2
(794, 442)  : 0
(20, 21)  : 1
(463, 496)  : 2
(673, 1069)  : 1
(557, 558)  : 0
(978, 1068)  : 0
(795, 478)  : 1
(98, 99)  : 2
(29, 188)  : 1
(576, 670)  : 2
(553, 552)  : 1
(947, 740)  : 2
(554, 90)  : 2
(106, 107)  : 2
(194, 193)  : 1
(68, 67)  : 1
(1044, 1045)  : 2
(212, 405)  : 1
(614, 758)  : 2
(287, 259)  : 2
(81, 82)  : 1
(545, 52)  : 2
(366, 365)  : 2
(238, 237)  : 2
(961, 1069)  : 2
(971, 973)  : 1
(1045, 1044)  : 2
(1064, 812)  : 1
(1075, 754)  : 1
(519, 478)  : 2
(529, 530)  : 0
(1000, 668)  : 2
(444, 589)  : 1
(317, 312)  : 2
(984, 200)  : 1
(1002, 1005)  : 2
(128, 26)  : 2
(286, 287)  : 1
(1067, 900)  : 0
(685, 1071)  : 2
(114, 1050)  : 2
(496, 463)  : 2
(731, 607)  : 2
(347, 797)  : 2
(1006, 1003)  : 2
(393, 735)  : 1
(269, 268)  : 2
(366, 548)  : 2
(348, 277)  : 0
(982, 983)  : 0
(1083, 1087)  : 1
(980, 910)  : 2
(156, 155)  : 2
(31, 840)  : 2
(181, 403)  : 1
(1079, 1080)  : 1
(66, 392)  : 1
(982, 1068)  : 1
(207, 479)  : 2
(771, 795)  : 0
(176, 206)  : 2
(817, 1040)  : 1
(981, 911)  : 0
(922, 902)  : 1
(676, 364)  : 2
(1082, 1081)  : 2
(910, 980)  : 1
(861, 341)  : 2
(759, 1010)  : 2
(16, 7)  : 1
(511, 224)  : 2
(170, 642)  : 2
(769, 768)  : 0
(376, 693)  : 2
(701, 686)  : 1
(835, 930)  : 1
(579, 36)  : 2
(361, 511)  : 2
(875, 809)  : 1
(96, 97)  : 2
(609, 610)  : 1
(923, 623)  : 0
(505, 827)  : 2
(51, 357)  : 2
(1048, 1050)  : 1
(554, 141)  : 2
(776, 777)  : 1
(695, 821)  : 1
(97, 96)  : 2
(58, 349)  : 1
(646, 714)  : 2
(239, 963)  : 1
(492, 491)  : 2
(847, 768)  : 2
(260, 437)  : 2
(1015, 1014)  : 1
(962, 976)  : 2
(129, 83)  : 2
(123, 825)  : 0
(659, 95)  : 2
(388, 387)  : 2
(1094, 957)  : 1
(946, 1043)  : 2
(731, 148)  : 1
(214, 569)  : 2
(518, 519)  : 1
(62, 153)  : 2
(493, 638)  : 2
(366, 720)  : 1
(279, 704)  : 1
(973, 971)  : 1
(1051, 1052)  : 0
(312, 854)  : 2
(20, 18)  : 0
(1021, 1019)  : 1
(217, 88)  : 2
(175, 582)  : 2
(281, 288)  : 1
(640, 785)  : 1
(456, 861)  : 2
(457, 659)  : 2
(1001, 1002)  : 2
(187, 188)  : 2
(185, 731)  : 1
(1009, 393)  : 2
(118, 550)  : 1
(838, 144)  : 1
(1052, 1051)  : 2
(757, 699)  : 2
(387, 62)  : 2
(276, 244)  : 1
(958, 535)  : 2
(686, 482)  : 1
(1068, 978)  : 2
(522, 870)  : 2
(33, 34)  : 1
(773, 605)  : 1
(1038, 802)  : 0
(119, 75)  : 1
(298, 786)  : 2
(91, 90)  : 2
(408, 237)  : 1
(840, 31)  : 1
(622, 760)  : 0
(515, 516)  : 1
(788, 851)  : 2
(1065, 1079)  : 2
(626, 778)  : 2
(137, 291)  : 2
(112, 440)  : 1
(306, 63)  : 2
(159, 838)  : 1
(116, 117)  : 1
(1066, 806)  : 2
(174, 391)  : 1
(399, 264)  : 2
(667, 424)  : 2
(68, 158)  : 2
(472, 869)  : 2
(506, 507)  : 2
(700, 169)  : 2
(632, 633)  : 2
(504, 152)  : 2
(501, 502)  : 2
(855, 681)  : 1
(227, 1093)  : 1
(494, 216)  : 2
(458, 493)  : 2
(261, 322)  : 0
(275, 602)  : 2
(322, 261)  : 1
(488, 101)  : 0
(284, 495)  : 2
(573, 801)  : 0
(431, 302)  : 2
(220, 265)  : 2
(750, 676)  : 1
(221, 514)  : 1
(135, 600)  : 2
(726, 727)  : 1
(655, 656)  : 1
(855, 707)  : 0
(226, 654)  : 2
(3, 653)  : 2
(498, 501)  : 2
(487, 427)  : 2
(1020, 329)  : 1
(46, 185)  : 1
(364, 363)  : 2
(645, 553)  : 1
(689, 690)  : 2
(643, 644)  : 0
(516, 515)  : 1
(640, 641)  : 1
(627, 280)  : 2
(145, 144)  : 0
(1054, 442)  : 1
(309, 649)  : 2
(638, 175)  : 2
(207, 177)  : 2
(637, 121)  : 0
(121, 637)  : 1
(634, 205)  : 0
(205, 634)  : 1
(342, 54)  : 2
(155, 224)  : 1
(45, 330)  : 1
(299, 549)  : 2
(776, 935)  : 1
(422, 81)  : 1
(769, 832)  : 2
(136, 452)  : 1
(621, 409)  : 1
(553, 645)  : 1
(169, 700)  : 2
(447, 446)  : 0
(680, 747)  : 1
(445, 444)  : 1
(443, 442)  : 2
(442, 443)  : 1
(87, 439)  : 1
(437, 438)  : 1
(241, 551)  : 1
(678, 131)  : 2
(151, 436)  : 1
(345, 630)  : 2
(409, 432)  : 2
(408, 428)  : 2
(428, 408)  : 2
(426, 427)  : 1
(421, 420)  : 2
(322, 414)  : 1
(1, 0)  : 1
(1025, 1026)  : 2
(405, 232)  : 1
(680, 681)  : 2
(336, 660)  : 2
(652, 247)  : 2
(524, 164)  : 2
(1095, 193)  : 2
(333, 233)  : 2
(225, 224)  : 2
(671, 670)  : 1
(670, 671)  : 1
(164, 669)  : 1
(48, 413)  : 1
(413, 48)  : 1
(665, 664)  : 0
(643, 558)  : 1
(157, 158)  : 0
(217, 216)  : 2
(96, 110)  : 1
(270, 995)  : 2
(139, 319)  : 2
(79, 535)  : 2
(722, 721)  : 2
(848, 592)  : 2
(409, 408)  : 2
(83, 84)  : 1
(430, 356)  : 2
(685, 684)  : 1
(686, 649)  : 1
(831, 40)  : 2
(542, 613)  : 1
(432, 692)  : 1
(561, 259)  : 2
(695, 113)  : 2
(117, 90)  : 2
(434, 696)  : 2
(968, 218)  : 1
(696, 434)  : 0
(1062, 1083)  : 0
(995, 996)  : 2
(678, 39)  : 2
(792, 791)  : 2
(669, 164)  : 1
(113, 11)  : 2
(411, 393)  : 2
(225, 465)  : 2
(149, 668)  : 2
(373, 372)  : 2
(1035, 564)  : 2
(836, 339)  : 1
(339, 836)  : 2
(414, 541)  : 1
(643, 865)  : 2
(503, 810)  : 2
(614, 837)  : 1
(83, 129)  : 2
(521, 672)  : 2
(653, 3)  : 2
(253, 74)  : 1
(38, 464)  : 2
(357, 733)  : 2
(211, 210)  : 1
(294, 293)  : 2
(960, 896)  : 1
(435, 258)  : 0
(108, 446)  : 2
(290, 301)  : 2
(714, 843)  : 2
(423, 424)  : 1
(345, 435)  : 1
(199, 465)  : 0
(402, 625)  : 2
(807, 763)  : 2
(477, 632)  : 2
(182, 183)  : 0
(215, 214)  : 2
(679, 915)  : 0
(818, 528)  : 2
(848, 454)  : 1
(311, 574)  : 1
(660, 433)  : 2
(252, 103)  : 2
(852, 832)  : 1
(510, 783)  : 1
(853, 601)  : 1
(614, 613)  : 2
(664, 685)  : 1
(516, 359)  : 2
(505, 674)  : 2
(355, 854)  : 1
(463, 529)  : 2
(778, 626)  : 0
(409, 377)  : 1
(381, 793)  : 1
(856, 791)  : 2
(708, 1088)  : 2
(179, 461)  : 2
(116, 132)  : 2
(543, 746)  : 2
(742, 741)  : 1
(493, 388)  : 2
(59, 742)  : 1
(164, 524)  : 1
(193, 1095)  : 1
(716, 173)  : 0
(232, 405)  : 2
(251, 68)  : 1
(25, 487)  : 1
(174, 538)  : 1
(688, 583)  : 1
(534, 221)  : 1
(660, 336)  : 0
(1080, 947)  : 2
(40, 831)  : 1
(629, 509)  : 1
(850, 849)  : 2
(323, 798)  : 1
(708, 709)  : 1
(709, 708)  : 2
(536, 653)  : 1
(122, 892)  : 2
(422, 57)  : 2
(883, 132)  : 0
(491, 775)  : 2
(595, 914)  : 1
(168, 895)  : 1
(884, 461)  : 1
(902, 86)  : 1
(514, 221)  : 1
(394, 373)  : 2
(727, 726)  : 0
(444, 445)  : 1
(325, 422)  : 2
(252, 294)  : 1
(326, 344)  : 2
(520, 156)  : 0
(123, 850)  : 1
(782, 748)  : 1
(768, 375)  : 1
(847, 374)  : 2
(670, 576)  : 2
(398, 661)  : 2
(144, 896)  : 0
(16, 932)  : 0
(656, 655)  : 0
(127, 727)  : 2
(707, 855)  : 1
(334, 234)  : 2
(202, 666)  : 2
(789, 425)  : 2
(545, 897)  : 2
(773, 709)  : 1
(897, 545)  : 2
(582, 732)  : 2
(384, 451)  : 2
(480, 479)  : 2
(363, 762)  : 2
(389, 281)  : 0
(437, 1088)  : 2
(334, 333)  : 2
(508, 746)  : 2
(646, 446)  : 1
(277, 348)  : 1
(600, 976)  : 2
(163, 179)  : 0
(227, 311)  : 1
(311, 227)  : 1
(300, 788)  : 0
(656, 903)  : 2
(74, 253)  : 0
(1065, 1091)  : 1
(30, 320)  : 2
(321, 322)  : 2
(102, 533)  : 1
(325, 82)  : 2
(932, 16)  : 1
(832, 769)  : 2
(524, 401)  : 2
(401, 524)  : 2
(89, 77)  : 2
(202, 42)  : 2
(245, 497)  : 1
(338, 513)  : 1
(231, 230)  : 0
(530, 529)  : 2
(474, 601)  : 1
(837, 614)  : 1
(449, 494)  : 2
(379, 380)  : 2
(249, 282)  : 2
(282, 249)  : 2
(819, 818)  : 2
(965, 235)  : 1
(847, 397)  : 2
(548, 547)  : 1
(310, 213)  : 1
(495, 450)  : 2
(626, 520)  : 2
(409, 621)  : 2
(956, 1067)  : 2
(398, 397)  : 1
(954, 315)  : 1
(746, 508)  : 2
(577, 45)  : 1
(692, 29)  : 1
(448, 541)  : 1
(150, 741)  : 2
(364, 38)  : 1
(302, 940)  : 2
(716, 60)  : 2
(747, 26)  : 2
(810, 51)  : 0
(267, 736)  : 1
(787, 279)  : 2
(636, 1064)  : 2
(302, 431)  : 2
(648, 743)  : 2
(217, 439)  : 1
(593, 845)  : 2
(362, 361)  : 0
(588, 368)  : 2
(1050, 1048)  : 1
(108, 714)  : 1
(734, 45)  : 1
(895, 168)  : 1
(814, 738)  : 2
(433, 660)  : 0
(940, 597)  : 2
(156, 520)  : 1
(319, 139)  : 2
(708, 332)  : 2
(748, 510)  : 1
(146, 317)  : 2
(829, 828)  : 1
(339, 79)  : 1
(532, 769)  : 2
(543, 542)  : 2
(250, 706)  : 1
(66, 506)  : 1
(1090, 984)  : 1
(869, 472)  : 1
(207, 223)  : 1
(106, 96)  : 2
(89, 856)  : 1
(375, 849)  : 1
(92, 126)  : 1
(668, 392)  : 2
(63, 306)  : 2
(779, 882)  : 2
(803, 502)  : 2
(896, 144)  : 1
(962, 297)  : 2
(178, 484)  : 2
(228, 229)  : 1
(674, 505)  : 2
(346, 385)  : 2
(518, 795)  : 2
(465, 225)  : 2
(824, 439)  : 2
(714, 108)  : 1
(730, 729)  : 2
(26, 712)  : 2
(556, 764)  : 2
(778, 165)  : 1
(666, 667)  : 2
(803, 540)  : 2
(133, 466)  : 2
(165, 1094)  : 1
(741, 807)  : 2
(711, 712)  : 2
(428, 313)  : 1
(360, 733)  : 1
(232, 734)  : 1
(264, 265)  : 2
(654, 229)  : 1
(734, 232)  : 1
(418, 417)  : 1
(808, 809)  : 1
(268, 737)  : 2
(651, 522)  : 2
(822, 249)  : 2
(512, 101)  : 2
(218, 273)  : 2
(110, 745)  : 1
(741, 742)  : 1
(446, 447)  : 1
(226, 227)  : 2
(530, 743)  : 2
(310, 734)  : 1
(66, 65)  : 1
(210, 466)  : 1
(350, 605)  : 2
(405, 329)  : 2
(417, 346)  : 1
(792, 377)  : 2
(107, 745)  : 2
(302, 303)  : 1
(748, 749)  : 1
(375, 813)  : 2
(101, 50)  : 2
(233, 338)  : 2
(593, 445)  : 1
(595, 594)  : 2
(920, 727)  : 2
(681, 680)  : 1
(597, 596)  : 2
(380, 379)  : 2
(179, 598)  : 0
(304, 616)  : 2
(473, 424)  : 0
(762, 1025)  : 1
(929, 829)  : 2
(880, 640)  : 1
(338, 462)  : 2
(315, 954)  : 2
(51, 810)  : 2
(578, 46)  : 1
(314, 315)  : 2
(923, 573)  : 1
(674, 532)  : 2
(467, 468)  : 2
(519, 518)  : 2
(83, 179)  : 2
(46, 578)  : 1
(472, 471)  : 2
(243, 545)  : 2
(640, 880)  : 0
(849, 375)  : 2
(709, 773)  : 1
(309, 242)  : 2
(107, 536)  : 1
(395, 793)  : 2
(742, 59)  : 1
(615, 616)  : 2
(426, 639)  : 2
(208, 858)  : 2
(311, 617)  : 1
(613, 542)  : 1
(27, 417)  : 2
(515, 312)  : 2
(229, 617)  : 1
(704, 279)  : 2
(240, 739)  : 1
(456, 221)  : 2
(747, 879)  : 1
(67, 715)  : 2
(281, 389)  : 1
(737, 268)  : 2
(299, 247)  : 1
(549, 458)  : 1
(326, 153)  : 1
(587, 365)  : 2
(451, 619)  : 1
(154, 435)  : 2
(620, 842)  : 1
(157, 799)  : 1
(365, 366)  : 2
(297, 962)  : 1
(723, 973)  : 1
(503, 142)  : 2
(935, 551)  : 2
(236, 306)  : 2
(751, 766)  : 2
(675, 1088)  : 0
(488, 913)  : 2
(418, 292)  : 2
(511, 510)  : 1
(436, 151)  : 1
(54, 342)  : 2
(869, 814)  : 1
(337, 288)  : 2
(102, 815)  : 2
(427, 434)  : 1
(750, 363)  : 2
(365, 719)  : 0
(882, 779)  : 2
(363, 933)  : 2
(584, 486)  : 1
(645, 235)  : 1
(443, 629)  : 1
(132, 131)  : 2
(212, 1021)  : 1
(182, 901)  : 2
(451, 384)  : 1
(359, 821)  : 2
(94, 457)  : 2
(400, 690)  : 1
(308, 563)  : 2
(719, 800)  : 0
(89, 208)  : 1
(61, 49)  : 2
(532, 533)  : 2
(842, 620)  : 0
(666, 202)  : 2
(793, 342)  : 1
(446, 646)  : 2
(377, 706)  : 2
(613, 614)  : 2
(903, 354)  : 2
(497, 498)  : 2
(321, 585)  : 2
(166, 919)  : 1
(501, 823)  : 2
(898, 44)  : 2
(921, 725)  : 1
(78, 77)  : 0
(127, 128)  : 2
(906, 848)  : 2
(848, 906)  : 1
(637, 892)  : 2
(238, 516)  : 2
(105, 486)  : 1
(912, 587)  : 1
(439, 824)  : 2
(486, 584)  : 1
(786, 298)  : 2
(866, 255)  : 2
(672, 521)  : 2
(459, 936)  : 2
(753, 733)  : 2
(750, 399)  : 2
(735, 266)  : 2
(749, 596)  : 2
(858, 335)  : 2
(279, 787)  : 1
(289, 300)  : 1
(905, 966)  : 1
(825, 813)  : 0
(1095, 822)  : 1
(371, 604)  : 1
(377, 409)  : 2
(793, 395)  : 1
(596, 749)  : 2
(682, 184)  : 1
(424, 473)  : 1
(176, 855)  : 2
(468, 467)  : 1
(244, 305)  : 1
(605, 710)  : 1
(363, 750)  : 2
(498, 772)  : 1
(226, 1093)  : 1
(305, 244)  : 2
(265, 534)  : 2
(762, 363)  : 1
(744, 143)  : 2
(406, 407)  : 2
(812, 811)  : 2
(811, 562)  : 1
(694, 371)  : 1
(959, 970)  : 2
(224, 225)  : 2
(159, 160)  : 1
(767, 215)  : 2
(542, 543)  : 2
(931, 321)  : 1
(435, 345)  : 2
(319, 318)  : 1
(1067, 956)  : 2
(397, 398)  : 1
(957, 517)  : 1
(799, 157)  : 0
(592, 453)  : 0
(598, 179)  : 2
(123, 124)  : 1
(19, 22)  : 1
(839, 460)  : 1
(283, 778)  : 1
(448, 273)  : 1
(522, 523)  : 1
(804, 382)  : 2
(802, 1038)  : 2
(1056, 198)  : 1
(813, 375)  : 1
(216, 217)  : 2
(182, 111)  : 1
(380, 410)  : 2
(631, 161)  : 1
(132, 883)  : 1
(487, 25)  : 1
(719, 365)  : 1
(538, 174)  : 0
(495, 630)  : 2
(57, 422)  : 2
(244, 574)  : 2
(502, 803)  : 2
(605, 350)  : 2
(539, 819)  : 1
(851, 831)  : 2
(1079, 579)  : 2
(45, 577)  : 1
(683, 390)  : 2
(237, 313)  : 2
(1074, 941)  : 1
(940, 302)  : 1
(173, 716)  : 1
(288, 281)  : 1
(702, 805)  : 2
(399, 750)  : 2
(661, 398)  : 2
(870, 515)  : 2
(585, 321)  : 2
(354, 903)  : 2
(720, 366)  : 1
(425, 789)  : 1
(190, 308)  : 2
(247, 652)  : 1
(795, 518)  : 0
(806, 253)  : 2
(698, 788)  : 1
(541, 414)  : 1
(796, 664)  : 1
(512, 71)  : 2
(585, 931)  : 1
(302, 539)  : 1
(422, 325)  : 2
(937, 836)  : 2
(196, 325)  : 2
(596, 597)  : 1
(367, 949)  : 1
(382, 804)  : 1
(209, 325)  : 2
(291, 137)  : 1
(327, 578)  : 2
(440, 112)  : 1
(1048, 202)  : 2
(246, 787)  : 1
(920, 336)  : 1
(617, 229)  : 2
(199, 51)  : 2
(868, 745)  : 1
(1045, 618)  : 2
(630, 258)  : 2
(53, 793)  : 2
(433, 664)  : 2
(796, 965)  : 2
(308, 190)  : 2
(940, 697)  : 1
(697, 361)  : 1
(791, 792)  : 2
(551, 241)  : 1
(518, 636)  : 2
(490, 106)  : 2
(870, 565)  : 2
(378, 383)  : 1
(179, 163)  : 1
(368, 588)  : 1
(509, 27)  : 0
(539, 302)  : 1
(287, 891)  : 1
(899, 209)  : 2
(681, 855)  : 1
(935, 333)  : 2
(572, 257)  : 2
(813, 825)  : 2
(131, 678)  : 2
(142, 503)  : 2
(733, 753)  : 2
(661, 397)  : 2
(551, 935)  : 2
(664, 433)  : 0
(589, 609)  : 1
(1023, 841)  : 1
(558, 643)  : 0
(315, 230)  : 2
(227, 226)  : 2
(1078, 621)  : 2
(649, 686)  : 1
(933, 864)  : 2
(791, 856)  : 2
(952, 876)  : 1
(1070, 770)  : 1
(682, 306)  : 2
(924, 166)  : 1
(289, 339)  : 1
(49, 100)  : 2
(60, 35)  : 2
(283, 837)  : 0
(641, 412)  : 2
(748, 782)  : 0
(965, 796)  : 1
(809, 808)  : 2
(946, 903)  : 2
(407, 596)  : 1
(596, 407)  : 1
(597, 940)  : 0
(784, 379)  : 1
(974, 598)  : 2
(527, 772)  : 1
(279, 281)  : 2
(648, 319)  : 2
(702, 605)  : 0
(323, 952)  : 1
(482, 658)  : 2
(913, 560)  : 2
(834, 809)  : 1
(946, 893)  : 2
(126, 92)  : 1
(768, 847)  : 2
(210, 243)  : 2
(900, 1067)  : 2
(934, 812)  : 1
(656, 859)  : 2
(880, 879)  : 1
(956, 773)  : 1
(235, 965)  : 1
(876, 952)  : 1
(140, 352)  : 1
(814, 869)  : 0
(536, 107)  : 2
(185, 46)  : 1
(5, 14)  : 1
(729, 945)  : 2
(229, 654)  : 1
(363, 364)  : 1
(230, 315)  : 2
(430, 361)  : 2
(385, 346)  : 2
(352, 255)  : 1
(594, 595)  : 2
(12, 5)  : 1
(873, 874)  : 2
(242, 777)  : 2
(955, 1042)  : 2
(736, 735)  : 2
(390, 683)  : 2
(313, 237)  : 2
(480, 230)  : 2
(604, 603)  : 1
(868, 483)  : 2
(966, 905)  : 0
(581, 554)  : 2
(893, 946)  : 2
(387, 326)  : 2
(928, 561)  : 2
(602, 420)  : 1
(317, 428)  : 2
(229, 159)  : 1
(853, 285)  : 2
(135, 633)  : 2
(280, 591)  : 2
(242, 309)  : 0
(510, 155)  : 1
(1094, 165)  : 1
(522, 651)  : 1
(644, 643)  : 2
(805, 702)  : 0
(393, 394)  : 2
(538, 485)  : 2
(762, 871)  : 2
(462, 338)  : 2
(890, 262)  : 2
(949, 242)  : 1
(743, 530)  : 2
(520, 626)  : 2
(330, 232)  : 2
(1076, 770)  : 1
(625, 402)  : 2
(85, 751)  : 2
(936, 459)  : 2
(183, 182)  : 1
(4, 695)  : 2
(854, 368)  : 1
(184, 823)  : 1
(800, 912)  : 1
(402, 669)  : 1
(341, 1022)  : 2
(782, 407)  : 1
(895, 271)  : 2
(428, 317)  : 1
(791, 952)  : 1
(650, 583)  : 0
(769, 532)  : 2
(664, 665)  : 1
(663, 658)  : 1
(877, 395)  : 1
(948, 619)  : 2
(125, 369)  : 2
(65, 668)  : 2
(529, 88)  : 2
(478, 519)  : 1
(70, 530)  : 1
(293, 477)  : 2
(1088, 675)  : 1
(229, 228)  : 2
(76, 266)  : 2
(738, 689)  : 2
(625, 626)  : 1
(772, 498)  : 1
(710, 605)  : 2
(305, 467)  : 1
(681, 641)  : 2
(220, 399)  : 2
(796, 684)  : 1
(415, 701)  : 2
(407, 941)  : 1
(887, 888)  : 2
(788, 300)  : 1
(515, 870)  : 1
(143, 703)  : 2
(489, 705)  : 2
(517, 804)  : 1
(483, 647)  : 1
(525, 802)  : 2
(177, 707)  : 2
(491, 692)  : 2
(549, 550)  : 2
(272, 505)  : 2
(332, 708)  : 2
(261, 438)  : 2
(939, 534)  : 1
(676, 750)  : 0
(39, 269)  : 2
(718, 489)  : 2
(683, 489)  : 2
(230, 231)  : 2
(639, 594)  : 2
(291, 346)  : 1
(90, 554)  : 2
(641, 681)  : 1
(109, 761)  : 2
(206, 128)  : 2
(22, 688)  : 1
(93, 571)  : 1
(948, 384)  : 1
(180, 358)  : 1
(704, 390)  : 1
(292, 418)  : 2
(627, 790)  : 2
(228, 48)  : 2
(109, 108)  : 2
(703, 52)  : 2
(221, 456)  : 1
(475, 476)  : 2
(859, 656)  : 2
(346, 417)  : 2
(377, 792)  : 1
(533, 102)  : 2
(647, 537)  : 2
(631, 659)  : 2
(528, 527)  : 2
(152, 642)  : 2
(287, 286)  : 2
(399, 220)  : 2
(27, 509)  : 1
(500, 280)  : 2
(884, 243)  : 1
(54, 392)  : 2
(29, 692)  : 0
(414, 322)  : 2
(148, 1016)  : 2
(477, 293)  : 2
(93, 882)  : 2
(697, 940)  : 1
(601, 900)  : 1
(770, 1070)  : 1
(249, 822)  : 2
(272, 950)  : 2
(828, 829)  : 0
(691, 1037)  : 1
(770, 1076)  : 1
(392, 668)  : 2
(541, 272)  : 2
(833, 98)  : 1
(530, 70)  : 0
(532, 674)  : 2
(397, 847)  : 2
(599, 860)  : 2
(941, 1074)  : 1
(793, 53)  : 2
(454, 848)  : 1
(974, 1047)  : 1
(420, 421)  : 2
(976, 600)  : 2
(88, 529)  : 0
(52, 133)  : 2
(600, 219)  : 2
(384, 385)  : 1
(753, 431)  : 2
(943, 932)  : 1
(81, 422)  : 2
(737, 883)  : 2
(461, 884)  : 1
(37, 799)  : 1
(1053, 1054)  : 1
(749, 748)  : 1
(781, 380)  : 2
(596, 366)  : 2
(952, 323)  : 1
(368, 316)  : 1
(316, 368)  : 2
(369, 125)  : 2
(371, 370)  : 1
(29, 377)  : 2
(378, 164)  : 1
(867, 546)  : 1
(385, 384)  : 2
(185, 330)  : 2
(608, 648)  : 1
(90, 117)  : 1
(38, 364)  : 1
(120, 337)  : 1
(160, 865)  : 0
(337, 120)  : 2
(346, 291)  : 0
(932, 943)  : 2
(366, 596)  : 2
(59, 728)  : 2
(196, 562)  : 2
(427, 426)  : 2
(53, 186)  : 2
(884, 897)  : 0
(301, 807)  : 2
(712, 26)  : 2
(903, 946)  : 1
(73, 926)  : 1
(928, 927)  : 2
(562, 196)  : 2
(98, 833)  : 0
(359, 113)  : 1
(827, 505)  : 1
(1029, 728)  : 2
(573, 923)  : 1
(289, 80)  : 1
(80, 289)  : 0
(259, 784)  : 2
(594, 639)  : 1
(203, 932)  : 1
(932, 203)  : 1
(358, 718)  : 2
(189, 755)  : 2
(571, 126)  : 1
(292, 291)  : 2
(1005, 1004)  : 2
(842, 441)  : 0
(262, 420)  : 2
(420, 262)  : 1
(845, 593)  : 1
(819, 539)  : 1
(775, 492)  : 1
(492, 775)  : 1
(540, 303)  : 2
(922, 890)  : 0
(447, 646)  : 1
(733, 436)  : 2
(479, 480)  : 2
(215, 767)  : 0
(882, 55)  : 1
(832, 398)  : 2
(494, 404)  : 1
(200, 43)  : 2
(435, 154)  : 2
(315, 763)  : 2
(763, 315)  : 2
(269, 39)  : 2
(324, 187)  : 1
(450, 119)  : 2
(451, 452)  : 2
(452, 451)  : 1
(453, 454)  : 1
(118, 458)  : 2
(303, 302)  : 2
(460, 459)  : 2
(533, 599)  : 1
(462, 269)  : 2
(269, 462)  : 2
(23, 546)  : 1
(449, 463)  : 2
(461, 257)  : 1
(914, 595)  : 1
(465, 466)  : 1
(353, 866)  : 0
(412, 785)  : 2
(650, 687)  : 1
(600, 135)  : 1
(473, 440)  : 1
(51, 199)  : 1
(618, 1045)  : 2
(944, 945)  : 2
(215, 474)  : 0
(1022, 1018)  : 2
(839, 196)  : 2
(605, 702)  : 2
(319, 648)  : 2
(485, 388)  : 2
(560, 913)  : 1
(331, 486)  : 0
(486, 331)  : 1
(40, 39)  : 1
(739, 240)  : 2
(257, 256)  : 2
(260, 261)  : 2
(171, 71)  : 1
(727, 920)  : 2
(267, 266)  : 2
(496, 201)  : 1
(863, 859)  : 1
(677, 399)  : 2
(201, 496)  : 2
(745, 107)  : 1
(859, 863)  : 0
(175, 485)  : 0
(528, 818)  : 1
(446, 864)  : 1
(145, 159)  : 1
(167, 659)  : 2
(687, 688)  : 2
(425, 359)  : 1
(546, 867)  : 0
(452, 546)  : 1
(462, 833)  : 1
(392, 66)  : 2
(705, 704)  : 1
(837, 283)  : 1
(355, 870)  : 2
(866, 353)  : 1
(507, 506)  : 2
(369, 837)  : 2
(837, 369)  : 1
(282, 369)  : 1
(1080, 1079)  : 1
(369, 282)  : 0
(351, 710)  : 2
(403, 181)  : 1
(216, 403)  : 2
(821, 429)  : 2
(798, 223)  : 2
(481, 482)  : 1
(662, 872)  : 2
(886, 416)  : 2
(356, 430)  : 1
(300, 289)  : 0
(333, 787)  : 2
(352, 140)  : 1
(689, 875)  : 1
(798, 876)  : 1
(571, 93)  : 1
(95, 586)  : 2
(155, 510)  : 0
(750, 871)  : 1
(878, 584)  : 2
(125, 126)  : 1
(551, 777)  : 2
(584, 878)  : 2
(126, 125)  : 2
(295, 796)  : 1
(796, 295)  : 1
(648, 139)  : 1
(1017, 149)  : 1
(783, 1)  : 1
(139, 648)  : 0
(149, 1017)  : 0
(528, 803)  : 1
(803, 528)  : 1
(879, 880)  : 1
(25, 127)  : 1
(127, 25)  : 0
(206, 207)  : 2
(540, 803)  : 2
(111, 138)  : 2
(338, 233)  : 2
(865, 557)  : 0
(785, 640)  : 2
(881, 65)  : 2
(65, 881)  : 2
(55, 882)  : 0
(443, 842)  : 0
(539, 540)  : 2
(151, 944)  : 1
(404, 1055)  : 1
(243, 884)  : 1
(767, 124)  : 1
(873, 885)  : 1
(885, 873)  : 1
(506, 66)  : 1
(28, 629)  : 1
(629, 28)  : 1
(660, 696)  : 0
(889, 890)  : 2
(499, 581)  : 2
(652, 732)  : 2
(315, 314)  : 0
(890, 889)  : 1
(348, 423)  : 2
(187, 792)  : 2
(147, 428)  : 1
(822, 1095)  : 2
(852, 769)  : 1
(547, 548)  : 2
(785, 412)  : 2
(823, 501)  : 1
(314, 618)  : 1
(670, 755)  : 2
(747, 680)  : 1
(755, 670)  : 2
(548, 819)  : 2
(617, 305)  : 1
(1092, 484)  : 0
(285, 104)  : 0
(819, 548)  : 1
(211, 461)  : 1
(461, 211)  : 1
(198, 948)  : 2
(329, 731)  : 2
(266, 735)  : 1
(169, 307)  : 2
(665, 426)  : 1
(468, 235)  : 1
(273, 448)  : 0
(636, 518)  : 2
(235, 468)  : 1
(333, 935)  : 2
(763, 231)  : 2
(158, 157)  : 1
(822, 194)  : 0
(485, 707)  : 0
(112, 1049)  : 1
(320, 30)  : 1
(707, 485)  : 1
(194, 822)  : 1
(731, 185)  : 2
(436, 170)  : 2
(724, 912)  : 2
(452, 24)  : 1
(24, 452)  : 1
(478, 795)  : 0
(43, 198)  : 1
(921, 322)  : 1
(301, 499)  : 2
(914, 752)  : 2
(534, 939)  : 1
(690, 988)  : 2
(777, 915)  : 2
(201, 202)  : 2
(385, 136)  : 2
(730, 785)  : 2
(769, 852)  : 2
(106, 490)  : 2
(598, 33)  : 1
(33, 598)  : 1
(883, 678)  : 2
(723, 724)  : 1
(969, 650)  : 0
(722, 562)  : 1
(425, 515)  : 2
(276, 497)  : 2
(949, 958)  : 2
(388, 493)  : 2
(515, 425)  : 2
(497, 276)  : 2
(75, 76)  : 2
(437, 774)  : 2
(400, 257)  : 2
(701, 309)  : 1
(634, 459)  : 2
(1078, 432)  : 1
(582, 175)  : 0
(88, 217)  : 2
(254, 140)  : 1
(912, 973)  : 0
(154, 153)  : 2
(51, 52)  : 1
(171, 170)  : 1
(44, 898)  : 1
(490, 489)  : 2
(687, 830)  : 2
(779, 56)  : 1
(50, 154)  : 2
(618, 324)  : 2
(307, 169)  : 2
(56, 779)  : 0
(104, 105)  : 1
(780, 781)  : 2
(843, 1023)  : 2
(196, 839)  : 1
(278, 349)  : 1
(783, 782)  : 1
(382, 517)  : 1
(376, 121)  : 2
(630, 784)  : 1
(576, 765)  : 1
(277, 278)  : 2
(279, 222)  : 1
(546, 23)  : 1
(282, 283)  : 2
(124, 767)  : 2
(778, 672)  : 1
(655, 863)  : 1
(91, 581)  : 0
(48, 228)  : 2
(564, 1032)  : 2
(283, 282)  : 2
(846, 509)  : 0
(290, 289)  : 1
(724, 754)  : 1
(329, 330)  : 1
(14, 5)  : 2
(855, 176)  : 2
(332, 331)  : 1
(332, 675)  : 2
(465, 362)  : 0
(767, 191)  : 1
(333, 334)  : 1
(337, 338)  : 2
(338, 337)  : 2
(71, 171)  : 2
(591, 150)  : 0
(398, 885)  : 0
(351, 350)  : 1
(353, 352)  : 1
(972, 477)  : 2
(356, 357)  : 2
(886, 79)  : 2
(143, 142)  : 0
(458, 326)  : 2
(456, 457)  : 2
(375, 374)  : 2
(171, 360)  : 1
(4, 5)  : 1
(5, 4)  : 2
(999, 998)  : 2
(672, 778)  : 1
(1018, 340)  : 0
(1032, 564)  : 2
(431, 357)  : 1
(19, 18)  : 1
(1042, 920)  : 2
(766, 765)  : 1
(22, 19)  : 1
(463, 449)  : 2
(700, 699)  : 2
(78, 89)  : 1
(976, 968)  : 2
(555, 757)  : 2
(26, 25)  : 2
(100, 504)  : 2
(445, 593)  : 1
(838, 159)  : 0
(847, 832)  : 1
(726, 427)  : 2
(263, 420)  : 0
(888, 82)  : 2
(770, 144)  : 1
(716, 742)  : 0
(50, 49)  : 2
(339, 289)  : 2
(751, 575)  : 0
(508, 225)  : 2
(728, 59)  : 2
(6, 17)  : 0
(474, 215)  : 2
(193, 92)  : 2
(3, 15)  : 2
(144, 838)  : 1
(362, 465)  : 1
(986, 549)  : 2
(72, 71)  : 2
(806, 805)  : 1
(704, 705)  : 0
(77, 78)  : 1
(559, 86)  : 0
(48, 47)  : 2
(684, 685)  : 2
(131, 132)  : 1
(87, 88)  : 0
(903, 656)  : 2
(954, 618)  : 2
(134, 135)  : 2
(891, 287)  : 2
(49, 50)  : 2
(742, 716)  : 2
(571, 572)  : 1
(119, 118)  : 2
(94, 95)  : 1
(115, 114)  : 2
(915, 937)  : 2
(951, 667)  : 0
(327, 381)  : 1
(128, 127)  : 1
(833, 462)  : 2
(2, 3)  : 1
(219, 218)  : 2
(725, 921)  : 1
(7, 10)  : 1
(456, 310)  : 2
(101, 488)  : 2
(696, 726)  : 2
(230, 480)  : 2
(879, 747)  : 0
(137, 136)  : 1
(213, 861)  : 2
(142, 143)  : 1
(91, 698)  : 1
(79, 886)  : 1
(931, 921)  : 1
(144, 145)  : 1
(234, 513)  : 2
(62, 61)  : 1
(838, 865)  : 1
(397, 661)  : 2
(792, 187)  : 2
(150, 59)  : 0
(807, 954)  : 2
(1042, 955)  : 2
(677, 676)  : 2
(15, 358)  : 2
(559, 889)  : 2
(58, 348)  : 2
(550, 76)  : 2
(478, 477)  : 2
(161, 162)  : 1
(1047, 974)  : 1
(861, 456)  : 2
(306, 305)  : 2
(165, 164)  : 1
(417, 27)  : 2
(616, 267)  : 2
(703, 810)  : 0
(402, 401)  : 2
(535, 367)  : 2
(453, 592)  : 1
(166, 167)  : 2
(797, 955)  : 2
(545, 453)  : 1
(642, 512)  : 2
(184, 63)  : 1
(601, 853)  : 1
(233, 234)  : 2
(812, 934)  : 0
(189, 190)  : 1
(892, 1034)  : 2
(724, 723)  : 1
(1006, 1008)  : 1
(423, 348)  : 1
(209, 57)  : 0
(104, 191)  : 1
(199, 133)  : 2
(138, 620)  : 1
(845, 924)  : 2
(136, 385)  : 2
(204, 205)  : 1
(885, 815)  : 1
(578, 586)  : 1
(771, 636)  : 1
(386, 756)  : 1
(395, 877)  : 0
(426, 665)  : 1
(26, 128)  : 2
(659, 457)  : 2
(155, 156)  : 2
(586, 578)  : 1
(80, 79)  : 2
(494, 449)  : 2
(139, 140)  : 2
(335, 859)  : 2
(177, 176)  : 1
(876, 798)  : 2
(40, 679)  : 1
(562, 722)  : 2
(163, 33)  : 1
(410, 411)  : 2
(877, 328)  : 2
(694, 593)  : 2
(114, 440)  : 1
(280, 80)  : 2
(1092, 483)  : 0
(186, 381)  : 1
(34, 33)  : 2
(605, 773)  : 1
(413, 145)  : 0
(103, 599)  : 1
(464, 166)  : 2
(1071, 977)  : 1
(205, 263)  : 1
(41, 254)  : 1
(952, 791)  : 1
(52, 545)  : 2
(412, 61)  : 2
(138, 441)  : 2
(842, 443)  : 2
(552, 553)  : 1
(231, 391)  : 2
(274, 275)  : 1
(412, 641)  : 2
(349, 348)  : 2
(34, 992)  : 1
(192, 845)  : 2
(154, 344)  : 1
(17, 6)  : 1
(303, 540)  : 0
(890, 922)  : 1
(1061, 447)  : 0
(745, 537)  : 1
(61, 62)  : 1
(937, 831)  : 0
(510, 748)  : 0
(845, 192)  : 2
(441, 846)  : 2
(186, 185)  : 2
(1055, 1053)  : 1
(259, 258)  : 2
(768, 769)  : 2
(291, 292)  : 2
(641, 640)  : 1
(816, 930)  : 2
(733, 360)  : 0
(84, 83)  : 0
(525, 328)  : 1
(765, 671)  : 1
(455, 191)  : 2
(60, 59)  : 1
(489, 490)  : 2
(1061, 1058)  : 1
(268, 269)  : 2
(469, 470)  : 2
(389, 390)  : 2
(1056, 794)  : 2
(621, 1078)  : 2
(37, 38)  : 2
(631, 192)  : 2
(457, 456)  : 2
(130, 129)  : 2
(542, 672)  : 2
(57, 209)  : 1
(470, 469)  : 0
(613, 283)  : 2
(475, 1090)  : 1
(191, 104)  : 2
(147, 250)  : 1
(71, 72)  : 2
(63, 184)  : 1
(336, 335)  : 1
(153, 49)  : 2
(678, 883)  : 2
(99, 389)  : 2
(833, 120)  : 0
(312, 313)  : 2
(419, 70)  : 2
(231, 173)  : 2
(1054, 1056)  : 1
(289, 290)  : 0
(173, 231)  : 0
(239, 227)  : 2
(1051, 1054)  : 2
(328, 327)  : 2
(509, 629)  : 1
(406, 1074)  : 1
(427, 726)  : 1
(991, 998)  : 2
(913, 488)  : 0
(728, 500)  : 2
(210, 211)  : 0
(517, 382)  : 1
(31, 455)  : 2
(597, 539)  : 2
(540, 539)  : 0
(308, 307)  : 2
(159, 145)  : 0
(987, 1005)  : 2
(581, 91)  : 1
(38, 157)  : 1
(52, 51)  : 2
(175, 174)  : 2
(317, 316)  : 2
(74, 73)  : 2
(286, 561)  : 2
(846, 441)  : 2
(1091, 1080)  : 2
(761, 762)  : 2
(1095, 1094)  : 1
(828, 1075)  : 1
(348, 58)  : 2
(546, 452)  : 1
(80, 790)  : 1
(278, 567)  : 2
(717, 962)  : 2
(699, 757)  : 2
(813, 124)  : 2
(278, 277)  : 2
(55, 984)  : 2
(1057, 1033)  : 2
(59, 60)  : 1
(809, 875)  : 1
(706, 208)  : 2
(1054, 1053)  : 2
(919, 677)  : 2
(828, 929)  : 1
(467, 160)  : 1
(637, 374)  : 1
(1066, 507)  : 1
(412, 100)  : 1
(776, 334)  : 2
(433, 434)  : 1
(985, 20)  : 0
(1042, 858)  : 2
(306, 682)  : 1
(1032, 1033)  : 2
(829, 929)  : 2
(587, 912)  : 1
(285, 853)  : 1
(138, 111)  : 2
(343, 342)  : 1
(472, 834)  : 1
(190, 386)  : 1
(137, 24)  : 1
