NOMBRE : Seg_0
COMENTARIO : 
VERTICES : 1806
ARISTAS_REQ : 1524
ARISTAS_NOREQ : 302
RESTRICCIONES : 0
NODOS_INICIALES : 1
NODOS_TERMINO : 1
LISTA_ARISTAS_REQ :
uni 215 214 39.42 47.642
bi 216 217 46.166 55.795
bi 558 643 65.783 79.504
uni 482 658 57.197 69.127
bi 660 336 105.935 128.031
uni 550 76 168.838 204.054
bi 319 139 65.561 79.236
bi 661 398 52.661 63.645
uni 224 362 112.661 136.16
uni 549 458 142.471 172.187
uni 372 662 126.163 152.478
uni 481 663 48 58.012
bi 664 665 120.178 145.245
bi 574 244 58.534 70.743
uni 666 667 37.144 44.891
uni 149 668 126.33 152.68
bi 413 48 120.116 145.17
bi 164 669 62.152 75.116
bi 670 671 75.771 91.575
bi 673 523 103.031 124.521
bi 233 333 47.14 56.972
bi 524 164 162.38 196.249
bi 680 681 123.044 148.708
bi 570 682 61.028 73.757
bi 585 321 29.04 35.097
bi 672 542 68.608 82.918
bi 390 683 81.549 98.558
bi 684 685 144.478 174.613
bi 465 199 109.089 131.843
bi 649 686 117.033 141.444
bi 687 688 92.936 112.321
bi 613 542 62.446 75.471
uni 689 690 99.286 119.995
uni 507 691 150.205 181.535
bi 432 692 141.907 171.506
bi 693 122 93.579 113.098
bi 113 695 111.075 134.243
bi 434 696 180.279 217.881
bi 674 505 185.776 224.525
uni 675 260 55.223 66.741
uni 677 676 68.428 82.701
bi 181 403 67.264 81.294
bi 39 678 107.545 129.977
uni 69 200 96.252 116.328
bi 234 334 47.693 57.641
uni 370 593 109.497 132.336
uni 411 393 140.947 170.346
uni 42 81 123.762 149.576
bi 257 400 85.955 103.883
bi 403 404 68.852 83.213
bi 405 232 87.338 105.555
bi 406 407 102.294 123.63
bi 389 281 168.528 203.679
bi 408 409 56.551 68.346
bi 254 41 122.075 147.537
uni 410 411 145.644 176.022
bi 412 100 133.966 161.909
bi 414 322 59.329 71.704
uni 416 415 121.026 146.27
bi 417 418 149.879 181.141
uni 419 70 44.797 54.141
bi 420 421 45.278 54.722
bi 81 422 65.884 79.626
bi 423 424 71.928 86.931
bi 425 359 109.296 132.093
bi 426 427 141.451 170.955
bi 428 408 45.867 55.434
bi 429 268 56.014 67.697
uni 431 430 131.924 159.441
bi 409 432 46.173 55.804
bi 433 434 120.026 145.061
bi 435 258 125.296 151.43
bi 151 436 138.415 167.285
bi 437 438 129.548 156.569
bi 439 87 50.63 61.19
bi 442 443 41.52 50.18
bi 444 445 158.666 191.76
bi 446 447 161.1 194.702
bi 273 448 129.807 156.882
bi 307 169 72.678 87.837
bi 217 449 101.746 122.968
uni 147 428 159.462 192.722
uni 219 827 51.255 61.946
bi 828 829 123.629 149.415
bi 714 108 74.279 89.772
bi 478 519 71.934 86.938
uni 676 364 66.276 80.1
bi 830 687 87.543 105.803
bi 364 38 121.775 147.175
bi 515 312 195.083 235.773
bi 644 468 120.004 145.034
bi 40 831 125.776 152.01
bi 832 769 62.329 75.33
bi 330 45 86.635 104.705
bi 834 809 56.373 68.131
bi 836 339 149.381 180.539
bi 803 540 239.347 289.27
bi 837 614 62.545 75.591
bi 407 782 150.786 182.237
bi 129 83 73.292 88.579
bi 521 672 69.532 84.035
bi 838 159 119.471 144.39
uni 38 464 121.085 146.341
bi 839 196 60.535 73.161
uni 357 733 153.902 186.003
uni 79 535 174.235 210.577
bi 572 257 70.084 84.702
uni 714 843 61.262 74.04
bi 315 230 104.555 126.363
bi 1094 165 122.023 147.474
bi 175 582 157.008 189.757
bi 767 191 51.087 61.743
uni 807 763 121.382 146.7
bi 788 300 152.128 183.859
uni 627 790 83.23 100.59
bi 184 823 71.026 85.841
bi 498 772 119.794 144.781
bi 487 25 178.951 216.276
uni 477 632 186.94 225.932
uni 294 632 186.733 225.682
uni 510 783 125.097 151.19
uni 386 756 69.868 84.441
bi 847 768 46.913 56.698
bi 839 460 113.042 136.62
bi 810 703 123.926 149.774
bi 205 263 125.74 151.967
bi 702 805 92.283 111.531
bi 637 374 114.508 138.392
bi 454 848 100.313 121.236
uni 850 849 219.875 265.736
bi 543 746 121.098 146.357
uni 788 851 87.9 106.234
uni 151 753 73.621 88.977
uni 301 807 217.189 262.49
uni 821 429 220.025 265.918
bi 832 852 126.857 153.317
bi 601 853 206.69 249.801
bi 355 854 86.033 103.978
bi 529 463 40.632 49.107
bi 855 61 158.608 191.69
bi 732 652 83.62 101.061
bi 169 700 71.495 86.407
uni 299 549 141.038 170.456
bi 856 791 15.517 18.754
bi 335 858 205.131 247.917
bi 656 859 57.323 69.279
uni 599 860 57.183 69.11
bi 650 583 95.556 115.487
bi 720 366 105.141 127.071
bi 929 829 70.708 85.456
bi 76 266 140.522 169.832
bi 683 489 94.12 113.751
bi 931 321 75.34 91.054
bi 176 855 125.223 151.342
bi 388 493 126.13 152.438
bi 539 302 205.135 247.922
bi 769 532 187.914 227.109
uni 551 777 146.216 176.714
bi 425 515 220.026 265.919
uni 4 695 216.151 261.236
bi 719 365 105.332 127.302
bi 742 59 119.799 144.787
uni 694 371 93.334 112.802
bi 173 716 69.035 83.434
uni 371 604 88.116 106.495
bi 467 305 121.746 147.14
bi 538 174 168.756 203.955
bi 742 716 116.047 140.252
bi 617 305 118.793 143.571
uni 688 583 222.054 268.37
bi 534 221 116.05 140.256
bi 697 361 133.152 160.925
bi 698 91 34.738 41.984
bi 699 700 123.845 149.676
uni 701 686 141.842 171.427
bi 659 631 122.71 148.305
bi 702 605 153.556 185.585
bi 509 629 45.969 55.557
uni 143 703 130.915 158.221
uni 365 547 203.685 246.169
bi 704 705 152.688 184.536
uni 377 706 61.101 73.845
bi 707 485 157.566 190.431
bi 708 709 33.139 40.051
bi 434 427 121.021 146.263
bi 605 710 92.547 111.85
bi 711 712 49.663 60.022
bi 349 278 51.057 61.706
uni 713 248 74.811 90.415
bi 653 536 74.474 90.008
uni 646 714 138.305 167.153
uni 345 630 124.056 149.931
bi 631 161 151.86 183.535
uni 632 633 99.581 120.352
bi 626 520 60.73 73.397
bi 205 634 50.117 60.57
bi 636 518 138.672 167.596
bi 121 637 117.879 142.466
bi 207 177 118.477 143.189
uni 638 175 91.705 110.833
bi 426 639 140.044 169.254
bi 640 641 104.932 126.819
uni 642 512 80.849 97.712
bi 643 644 55.796 67.434
bi 641 412 124 149.864
uni 124 532 187.593 226.721
bi 553 645 62.44 75.464
bi 66 506 81.773 98.829
bi 646 446 75.168 90.846
uni 634 459 156.696 189.38
bi 257 461 152.746 184.606
bi 537 647 102.918 124.385
bi 648 319 40.853 49.374
uni 394 373 110.157 133.133
bi 600 135 72.979 88.201
bi 409 377 208.116 251.525
uni 309 649 145.819 176.234
uni 651 650 220.056 265.955
bi 652 247 56.561 68.358
bi 3 653 116.186 140.42
bi 654 226 46.335 56
bi 430 356 137.764 166.499
bi 655 656 164.696 199.048
bi 555 657 119.324 144.213
uni 220 265 117.956 142.559
bi 105 486 51.343 62.052
bi 302 431 134.616 162.694
bi 101 488 174.231 210.572
bi 322 261 38.697 46.768
uni 458 493 121.302 146.603
bi 216 494 85.008 102.739
uni 495 450 125.936 152.204
bi 496 201 114.097 137.895
bi 497 498 52.597 63.568
uni 301 499 151.497 183.096
uni 500 280 158.096 191.072
bi 501 502 88.639 107.127
bi 503 142 102.278 123.611
uni 504 152 85.477 103.306
uni 272 505 51.348 62.058
bi 506 507 178.738 216.019
uni 68 158 144.6 174.761
bi 174 391 156.776 189.476
bi 225 508 123.496 149.255
bi 27 509 129.953 157.058
uni 511 510 119.894 144.901
bi 306 63 69.49 83.984
uni 512 101 139.587 168.702
uni 380 410 101.428 122.584
bi 221 514 117.331 141.804
bi 136 385 43.466 52.532
bi 515 516 109.421 132.244
bi 361 362 138.128 166.939
bi 363 364 116.307 140.566
bi 128 206 165.478 199.993
bi 365 366 101.964 123.232
uni 367 309 145.281 175.584
bi 368 316 47.074 56.893
bi 125 369 59.93 72.43
uni 371 370 99.42 120.157
uni 373 372 100.761 121.778
bi 374 375 40.2 48.585
uni 376 121 73.883 89.293
uni 29 377 45.285 54.731
bi 378 164 58.76 71.016
bi 379 380 141.387 170.877
uni 46 381 130.37 157.562
bi 382 383 41.403 50.039
bi 384 385 43.816 52.955
bi 117 90 127.822 154.483
bi 386 190 79.658 96.273
uni 290 301 150.296 181.645
bi 120 337 53.983 65.243
uni 231 391 77.286 93.406
bi 366 596 107.489 129.909
uni 370 924 113.826 137.568
bi 825 813 132.367 159.976
bi 207 479 122.786 148.397
bi 236 306 61.492 74.318
bi 283 613 62.885 76.002
uni 53 186 128.434 155.223
bi 897 884 129.864 156.951
bi 926 73 146.193 176.686
uni 327 578 130.912 158.218
bi 904 335 121.596 146.958
bi 927 928 125.052 151.135
uni 805 710 154.655 186.913
uni 870 565 220.041 265.937
bi 196 562 71.839 86.823
bi 626 778 67.979 82.158
uni 166 919 115.353 139.413
bi 879 747 104.441 126.225
bi 98 833 187.746 226.906
bi 289 80 155.353 187.756
bi 203 932 159.447 192.704
uni 358 718 141.139 170.578
uni 933 864 29.149 35.229
uni 886 416 169.401 204.735
bi 262 420 63.963 77.304
bi 934 812 146.088 176.559
bi 440 114 69.114 83.53
bi 845 593 109.178 131.95
bi 775 492 126.733 153.167
bi 922 890 76.894 92.932
uni 447 646 95.944 115.956
bi 28 794 47.356 57.233
uni 733 436 73.397 88.706
bi 398 832 45.257 54.697
bi 333 935 30.324 36.649
uni 783 1 178.702 215.976
bi 625 155 40.332 48.744
bi 404 494 45.633 55.151
bi 315 763 156.834 189.546
bi 823 639 141.919 171.52
bi 269 39 139.404 168.481
uni 915 937 125.006 151.08
bi 187 324 147.588 178.372
uni 450 119 61.547 74.384
bi 451 452 49.223 59.49
uni 453 454 131.046 158.379
uni 118 458 138.883 167.851
bi 459 460 63.665 76.944
bi 461 179 97.848 118.257
bi 462 269 132.86 160.572
bi 449 463 55.389 66.942
uni 464 166 94.338 114.015
bi 465 466 122.99 148.643
bi 467 468 51.258 61.949
bi 471 472 78.223 94.539
bi 440 473 286.198 345.893
bi 215 474 55.831 67.476
bi 475 476 92.767 112.116
bi 477 478 188.118 227.355
bi 479 480 59.948 72.452
bi 481 482 117.92 142.516
uni 485 388 116.536 140.843
bi 331 486 27.159 32.824
bi 427 487 138.152 166.968
uni 101 50 141.279 170.747
uni 251 68 115.536 139.634
uni 252 103 85.706 103.582
bi 74 253 63.918 77.25
bi 254 255 39.136 47.299
bi 256 257 38.597 46.648
bi 258 259 100.604 121.588
uni 260 261 94.956 114.762
bi 262 263 21.395 25.858
bi 171 71 126.153 152.466
uni 264 265 130.734 158.002
bi 266 267 148.946 180.013
bi 750 399 74.133 89.596
bi 863 859 142.959 172.777
bi 446 864 83.682 101.136
bi 865 643 118.145 142.788
bi 852 815 134.489 162.541
bi 86 559 69.401 83.877
bi 751 766 68.725 83.06
bi 353 866 95.641 115.59
bi 867 546 92.69 112.023
bi 617 311 139.962 169.155
bi 745 868 79.292 95.831
bi 755 189 77.464 93.621
bi 869 814 124.596 150.584
bi 546 452 46.648 56.378
uni 489 705 88.673 107.168
bi 833 462 146.842 177.47
bi 283 837 293.953 355.265
uni 355 870 141.052 170.473
bi 369 837 63.394 76.617
bi 282 369 292.845 353.926
bi 798 223 115.037 139.031
uni 871 264 79.752 96.387
bi 662 872 63.61 76.878
bi 873 874 186.756 225.709
bi 300 289 148.546 179.53
bi 663 658 115.488 139.576
bi 787 333 75.093 90.756
bi 875 689 128.082 154.797
uni 687 19 304.386 367.875
bi 377 792 111 134.152
uni 745 537 168.486 203.629
bi 876 798 69.468 83.958
bi 871 750 119.093 143.933
uni 877 328 99.818 120.638
uni 728 500 119.052 143.884
bi 878 584 56.46 68.236
bi 295 796 135.002 163.161
bi 648 139 104.026 125.724
bi 528 803 86.587 104.647
bi 797 347 144.292 174.388
uni 706 856 108.072 130.614
bi 879 880 174.94 211.429
bi 25 127 106.122 128.257
bi 557 865 86.993 105.138
bi 640 785 133.648 161.524
bi 881 65 68.192 82.415
bi 882 55 44.196 53.414
bi 243 884 101.045 122.121
bi 873 885 70.979 85.784
bi 79 886 81.614 98.637
bi 28 629 131.455 158.874
bi 703 453 101.596 122.787
bi 383 378 183.733 222.056
bi 887 888 82.96 100.264
bi 660 696 120.068 145.112
bi 889 890 104.858 126.729
uni 677 399 113.466 137.133
bi 595 711 73.522 88.857
bi 306 682 199.957 241.664
bi 423 348 59.847 72.33
uni 381 793 127.161 153.684
bi 490 106 86.939 105.073
uni 122 892 25.325 30.607
bi 472 869 18.119 21.898
uni 456 310 134.417 162.454
bi 168 895 49.198 59.46
bi 422 325 54.007 65.272
bi 608 648 155.844 188.35
uni 326 344 136.762 165.288
uni 123 850 118.956 143.768
bi 778 283 67.695 81.815
bi 782 748 129.648 156.69
bi 896 144 127.883 154.557
bi 545 897 98.891 119.518
bi 451 384 78.112 94.405
bi 44 898 94.72 114.477
bi 348 277 62.199 75.172
bi 287 891 111.244 134.447
bi 295 296 61.06 73.796
bi 247 299 72.437 87.546
uni 300 301 87.464 105.707
bi 302 303 78.652 95.057
uni 248 304 74.625 90.19
bi 305 306 101.674 122.881
uni 308 307 136.801 165.335
uni 210 243 108.296 130.884
bi 242 309 137.034 165.616
bi 213 310 87.468 105.712
bi 227 311 60.089 72.622
bi 314 315 230.07 278.058
bi 316 317 48.189 58.24
bi 318 319 148.857 179.905
bi 30 320 111.397 134.632
bi 321 322 27.385 33.097
uni 191 215 233.264 281.918
uni 324 323 60.277 72.85
uni 325 82 83.195 100.548
uni 326 153 148.284 179.213
bi 520 521 56.768 68.609
uni 522 523 112.034 135.402
bi 524 401 48.688 58.843
bi 48 228 38.425 46.44
bi 245 497 148.171 179.076
bi 527 528 73.622 88.978
bi 338 513 137.167 165.777
bi 529 530 132.845 160.554
bi 211 531 146.243 176.746
uni 532 533 96.164 116.222
uni 265 534 120.082 145.129
bi 494 449 48.733 58.898
uni 535 367 125.789 152.026
bi 536 537 118.208 142.864
uni 480 538 118.011 142.626
bi 249 282 60.332 72.916
uni 448 541 68.667 82.99
bi 542 543 55.501 67.077
uni 243 545 131.13 158.481
bi 546 23 91.341 110.393
bi 547 548 104.736 126.582
uni 549 550 136.486 164.954
bi 551 241 150.564 181.969
bi 552 553 43.417 52.473
bi 90 554 59.523 71.938
bi 1067 956 69.56 84.069
bi 900 1067 195.134 235.835
uni 781 380 100.735 121.746
bi 882 779 63.73 77.023
bi 842 620 75.899 91.73
uni 997 990 184.596 223.099
bi 888 82 177.623 214.671
uni 252 294 131.408 158.817
bi 461 884 178.218 215.391
uni 872 1091 167.078 201.927
uni 1065 1079 55.147 66.65
bi 1079 1080 72.347 87.437
uni 1065 1091 70.744 85.5
uni 868 483 34.559 41.767
uni 178 484 70.233 84.882
uni 484 868 36.848 44.534
bi 1093 227 79.365 95.919
bi 323 952 93.264 112.717
bi 974 1047 113.102 136.693
bi 931 585 104.204 125.939
bi 834 875 198.225 239.571
bi 400 690 257.418 311.11
bi 1074 941 101.522 122.697
uni 198 948 223.185 269.737
bi 1076 770 118.523 143.244
uni 619 867 46.561 56.273
bi 770 1070 158.119 191.099
bi 1095 193 293.605 354.845
uni 867 475 48.016 58.031
uni 948 619 69.375 83.845
bi 882 93 99.045 119.704
bi 723 1075 135.956 164.314
bi 55 984 128.676 155.515
bi 517 957 194.496 235.064
bi 971 1074 103.087 124.589
bi 973 971 115.118 139.129
bi 723 973 112.057 135.43
bi 828 929 48.117 58.153
uni 690 988 49.354 59.648
bi 226 1093 55.605 67.203
bi 392 54 37.277 45.052
uni 393 394 146.968 177.622
bi 397 398 95.231 115.094
bi 399 220 117.753 142.314
bi 223 207 143.156 173.015
bi 224 225 175.991 212.699
bi 226 227 25.249 30.515
bi 228 229 113.718 137.437
bi 230 231 157.416 190.25
uni 538 485 95.012 114.83
bi 102 533 249.327 301.331
bi 346 417 54.974 66.44
bi 221 456 69.477 83.968
bi 180 358 119.56 144.498
bi 93 571 127.182 153.71
bi 50 927 175.338 211.91
uni 109 761 35.881 43.365
uni 703 52 132.363 159.971
bi 939 534 121.785 147.187
bi 747 640 177.337 214.326
uni 762 871 76.865 92.897
bi 692 491 45.299 54.747
bi 414 541 35.213 42.558
bi 697 940 108.977 131.707
uni 483 647 190.423 230.141
bi 762 363 116.554 140.865
bi 870 515 158.018 190.977
bi 941 407 175.81 212.48
uni 415 701 151.939 183.63
bi 92 126 126.418 152.786
bi 684 796 67.825 81.972
bi 397 847 59.404 71.794
bi 97 241 146.24 176.743
bi 748 510 131.59 159.037
uni 185 330 125.669 151.881
bi 46 185 87.243 105.44
bi 293 477 186.696 225.637
bi 932 943 47.38 57.262
bi 880 640 105.725 127.777
bi 944 945 77.98 94.245
bi 767 215 281.127 339.764
bi 946 903 210.968 254.972
bi 512 71 80.507 97.299
bi 395 877 45.393 54.861
bi 255 866 35.632 43.064
bi 57 422 99.743 120.547
bi 488 913 125.96 152.233
uni 108 446 158.201 191.198
bi 152 642 138.307 167.155
bi 435 345 147.2 177.903
bi 271 895 125.148 151.251
bi 70 530 139.739 168.886
uni 218 273 59.95 72.454
bi 407 596 249.552 301.603
bi 308 563 69.974 84.569
bi 921 725 55.113 66.608
bi 645 296 98.808 119.417
bi 890 262 91.005 109.987
uni 919 220 116.362 140.633
uni 250 706 55.703 67.321
uni 259 784 145.541 175.898
bi 935 551 123.146 148.832
uni 541 272 93.892 113.476
bi 358 653 131.15 158.505
bi 540 303 198.778 240.239
bi 522 870 97.649 118.017
bi 948 384 43.416 52.472
bi 936 459 60.497 73.115
uni 212 405 136.262 164.683
bi 156 520 72.153 87.203
bi 679 915 124.284 150.207
bi 865 160 119.575 144.516
bi 773 605 82.77 100.034
bi 303 752 72.787 87.969
uni 630 258 146.288 176.801
bi 242 949 146.214 176.711
uni 323 798 40.878 49.404
bi 892 637 48.384 58.476
bi 137 291 41.479 50.131
bi 285 853 52.657 63.64
bi 111 182 47.007 56.812
uni 649 481 98.152 118.624
bi 202 666 225.774 272.866
bi 576 765 77.334 93.464
bi 681 641 51.249 61.938
bi 532 674 51.039 61.685
bi 651 522 96.474 116.596
uni 470 849 70.172 84.808
bi 346 291 72.118 87.16
bi 633 135 120.142 145.201
uni 495 630 142.986 172.81
bi 528 818 40.212 48.599
uni 793 342 139.409 168.487
bi 928 561 100.407 121.35
bi 935 776 147.149 177.841
uni 22 688 293.383 354.577
uni 272 950 42.835 51.769
bi 951 666 33.223 40.153
bi 855 707 132.566 160.217
bi 592 848 131.405 158.813
bi 777 242 150.42 181.794
bi 352 255 92.774 112.125
bi 385 346 107.369 129.764
bi 229 654 139.725 168.869
bi 140 352 32.9 39.762
bi 876 952 25.348 30.635
bi 827 134 187.884 227.073
bi 235 965 217.474 262.835
bi 796 965 120.086 145.133
bi 946 893 46.198 55.834
bi 354 903 122.878 148.508
bi 16 932 256.139 309.564
bi 772 527 161.169 194.785
bi 819 539 102.571 123.965
bi 597 539 136.327 164.762
bi 597 940 189.192 228.654
bi 940 302 127.042 153.54
bi 912 587 248.76 300.646
bi 64 823 179.701 217.183
bi 498 501 162.778 196.73
bi 681 855 140.631 169.964
bi 595 914 561.306 678.383
bi 177 707 127.29 153.84
uni 60 35 115.106 139.115
uni 924 166 315.951 381.852
bi 631 192 114.394 138.254
bi 920 727 120.057 145.098
bi 696 920 105.646 127.682
bi 433 660 181.873 219.808
bi 727 127 140.072 169.288
bi 791 952 81.859 98.933
uni 208 858 84.166 101.721
uni 686 482 91.004 109.986
bi 1078 432 164.723 199.081
bi 621 1078 46.438 56.124
bi 883 132 124.135 150.027
bi 678 131 124.556 150.536
bi 905 966 179.555 217.006
uni 851 831 169.974 205.427
uni 937 836 176.441 213.243
uni 264 628 118.267 142.935
uni 399 264 119.324 144.213
bi 1016 148 98.283 118.783
bi 1017 149 101.071 122.152
uni 405 329 135.343 163.573
uni 330 232 133.342 161.154
uni 734 45 129.169 156.111
bi 45 577 106.093 128.222
uni 310 734 140.323 169.591
uni 1079 579 82.215 99.363
uni 579 36 182.022 219.988
uni 1080 947 287.619 347.61
bi 591 150 177.036 213.962
uni 807 954 153.578 185.611
bi 954 315 119.882 144.887
uni 954 618 230.049 278.032
bi 480 230 171.433 207.19
bi 851 836 152.028 183.738
bi 339 79 151.368 182.94
bi 1025 762 114.556 138.45
bi 933 363 141.716 171.275
uni 367 949 138.018 166.806
bi 106 96 91.144 110.155
bi 427 726 178.041 215.177
uni 499 581 140.394 169.677
bi 1021 212 99.51 120.266
bi 54 342 86.731 104.821
bi 573 923 89.049 107.623
bi 392 66 153.485 185.499
uni 806 253 203.545 246
uni 238 516 247.053 298.583
bi 368 588 184.889 223.453
bi 317 146 165.327 199.811
bi 854 368 142.835 172.627
bi 312 317 158.466 191.519
bi 313 428 160.369 193.819
bi 237 408 161.916 195.688
bi 154 435 172.302 208.241
uni 284 495 144.054 174.101
uni 784 410 141.675 171.225
uni 561 259 136.707 165.221
bi 375 813 125.15 151.254
bi 849 375 184.812 223.36
uni 332 675 132.359 159.966
bi 708 1088 131.323 158.714
bi 1088 437 55.486 67.059
bi 675 1088 70.62 85.35
bi 332 708 69.282 83.733
bi 709 773 63.133 76.301
uni 774 717 162.029 195.825
bi 962 297 165.51 200.032
bi 218 968 157.587 190.456
bi 600 976 242.512 293.095
uni 956 773 153.719 185.782
uni 458 326 143.185 173.05
uni 715 251 165.427 199.932
bi 602 420 106.497 128.71
bi 259 287 101.46 122.622
uni 716 60 119.752 144.73
uni 438 717 60.569 73.202
bi 721 722 187.325 226.397
bi 126 571 61.097 73.841
bi 417 27 44.4 53.661
bi 723 724 178.302 215.492
bi 725 414 36.497 44.11
bi 225 465 125.762 151.993
bi 726 727 106.19 128.339
bi 59 728 114.328 138.174
bi 729 730 57.75 69.795
uni 387 326 121.636 147.007
bi 390 704 93.441 112.931
uni 351 710 190.073 229.718
uni 582 732 68.095 82.298
bi 733 360 80.484 97.271
uni 534 341 100.071 120.944
bi 511 224 138.504 167.393
bi 232 734 87.13 105.304
uni 736 735 147.038 177.707
bi 661 397 138.669 167.592
bi 268 737 216.611 261.792
uni 738 689 42.214 51.019
bi 240 739 51.693 62.475
bi 741 742 119.065 143.899
uni 581 554 45.092 54.497
bi 530 743 44.829 54.179
uni 744 143 132.059 159.604
uni 589 609 70.868 85.65
bi 89 78 88.473 106.927
bi 292 418 62.715 75.796
bi 107 745 115.144 139.161
bi 508 746 100.097 120.975
bi 747 680 106.272 128.438
bi 462 338 44.674 53.992
bi 748 749 120.545 145.688
bi 363 750 72.174 87.228
bi 668 392 47.089 56.911
bi 751 85 30.17 36.463
uni 280 591 132.207 159.783
bi 338 233 42.738 51.652
bi 453 592 99.177 119.863
bi 445 593 323.152 390.555
bi 594 595 78.129 94.425
bi 596 597 205.31 248.133
bi 179 598 44.715 54.042
uni 533 599 31.282 37.807
uni 600 219 142.565 172.301
bi 578 46 101.279 122.404
bi 474 601 51.82 62.629
uni 275 602 85.081 102.827
uni 604 603 153.443 185.448
bi 605 350 190.986 230.822
uni 430 361 108.378 130.983
bi 613 614 293.24 354.404
uni 615 616 148.647 179.652
bi 229 617 131.287 158.671
uni 618 324 97.939 118.367
uni 155 224 127.578 154.188
uni 261 438 68.045 82.238
bi 619 451 41.287 49.899
bi 452 136 45.667 55.192
bi 621 409 160.344 193.788
uni 364 624 134.565 162.632
bi 625 626 119.733 144.707
bi 629 443 30.43 36.777
bi 298 786 58.713 70.959
uni 67 715 116.764 141.119
bi 279 787 72.113 87.154
bi 698 788 127.918 154.599
bi 789 425 86.016 103.957
bi 80 790 86.401 104.422
bi 791 792 46.094 55.708
bi 692 29 60.026 72.546
bi 486 584 162.484 196.375
bi 664 433 140.257 169.512
bi 53 793 87.182 105.366
bi 794 442 133.221 161.008
uni 209 325 43.972 53.144
bi 795 518 147.244 177.956
bi 796 664 140.763 170.123
uni 798 797 109.405 132.225
bi 124 767 50.569 61.117
bi 799 157 103.152 124.667
uni 466 508 133.824 161.737
bi 800 719 143.104 172.953
uni 150 741 118.284 142.956
uni 525 802 201.546 243.584
bi 58 348 113.845 137.591
uni 37 799 195.244 235.968
bi 536 107 132.622 160.284
uni 753 431 149.087 180.183
bi 502 803 157.178 189.962
bi 804 382 30.922 37.372
bi 805 806 102.447 123.815
bi 402 625 65.151 78.74
uni 741 807 97.157 117.422
bi 61 49 121.261 146.554
bi 808 809 16.75 20.244
bi 771 795 113.844 137.589
bi 51 810 131.861 159.364
bi 562 811 168.63 203.803
bi 811 812 50.682 61.253
bi 813 124 59.456 71.857
bi 305 244 139.218 168.256
bi 682 184 69.02 83.416
bi 347 223 115.475 139.561
uni 174 230 96.124 116.173
bi 793 395 49.771 60.152
uni 814 738 47.042 56.854
bi 815 102 102.499 123.878
uni 133 466 108.992 131.725
bi 587 365 112.524 135.994
bi 402 669 140.64 169.975
bi 381 327 97.813 118.215
bi 88 529 79.891 96.555
bi 818 819 102.054 123.34
bi 743 648 31.868 38.515
bi 266 735 124.107 149.993
bi 359 821 109.916 132.842
bi 822 249 61.515 74.346
bi 337 288 43.178 52.184
bi 823 501 139.646 168.773
bi 824 439 45.778 55.326
bi 439 217 71.747 86.712
bi 825 123 60.642 73.291
bi 668 65 152.055 183.771
uni 304 616 136.239 164.656
bi 132 116 43.88 53.032
uni 94 457 158.855 191.989
bi 26 747 184.543 223.035
bi 140 254 92.324 111.581
uni 899 209 53.152 64.238
bi 596 749 173.86 210.124
bi 206 176 136.159 164.559
uni 89 208 113.974 137.747
bi 645 235 60.443 73.05
bi 753 733 137.414 166.076
bi 639 594 138.784 167.731
uni 455 191 167.998 203.039
bi 601 900 54.937 66.396
uni 213 861 142.528 172.256
uni 170 642 45.126 54.538
bi 901 182 61.724 74.598
bi 712 26 108.475 131.101
bi 750 676 117.286 141.749
uni 608 419 87.902 106.237
bi 86 902 63.853 77.171
bi 903 656 120.473 145.601
bi 700 657 75.479 91.222
bi 904 660 87.535 105.793
bi 848 906 225.429 272.449
bi 664 685 93.089 112.505
bi 89 856 34.575 41.787
bi 190 308 74.876 90.494
bi 1095 822 60.395 72.992
bi 785 412 95.838 115.828
bi 618 314 121.906 147.333
bi 670 755 98.578 119.139
bi 485 175 168.331 203.441
uni 627 280 91.516 110.604
bi 548 819 145.206 175.493
bi 211 461 80.493 97.282
uni 329 731 126.803 153.251
bi 665 426 121.892 147.316
bi 468 235 52.681 63.669
uni 763 231 108.401 131.011
bi 822 194 292.656 353.698
bi 185 731 88.914 107.46
uni 436 170 31.174 37.676
bi 281 279 46.454 56.143
bi 724 912 113.63 137.331
bi 452 24 112.167 135.563
bi 739 276 58.743 70.996
bi 913 560 99.24 119.939
bi 795 478 72.591 87.732
bi 912 800 114.287 138.125
bi 752 914 52.134 63.008
uni 777 915 147.244 177.956
uni 860 252 57.224 69.16
uni 411 759 102.168 123.478
uni 267 736 125.703 151.922
uni 577 94 232.653 281.18
bi 769 852 52.091 62.956
uni 110 745 83.33 100.711
bi 598 33 81.624 98.649
bi 276 497 46.785 56.543
bi 441 842 71.724 86.684
uni 169 563 132.573 160.225
uni 568 850 91.12 110.126
uni 393 735 100.72 121.728
uni 514 919 120.054 145.095
bi 746 531 99.651 120.436
bi 918 352 99.965 120.816
bi 336 920 121.071 146.324
bi 921 322 71.757 86.724
bi 922 204 15.746 19.03
uni 923 604 100.609 121.594
bi 345 450 142.05 171.679
uni 845 924 121.494 146.835
bi 787 246 153.874 185.969
uni 673 651 81.348 98.315
bi 29 188 111.14 134.321
bi 105 878 161.485 195.167
bi 671 756 99.691 120.484
uni 735 284 140.568 169.888
bi 652 713 147.505 178.271
bi 263 420 65.024 78.587
bi 884 211 111.185 134.376
bi 562 722 101.416 122.569
bi 186 381 86.919 105.048
uni 1002 881 125.662 151.872
uni 73 1004 118.211 142.867
uni 1004 1008 95.97 115.987
uni 1008 926 127.225 153.761
uni 1009 393 153.974 186.09
uni 759 1010 72.613 87.759
uni 781 1010 153.689 185.745
uni 373 1012 70.649 85.385
uni 1013 872 133.249 161.042
uni 1013 372 70.493 85.196
uni 1012 1013 91.414 110.481
uni 1016 1017 130.754 158.027
uni 841 1024 40.148 48.522
uni 841 1025 164.862 199.249
uni 1025 1026 81.983 99.083
bi 1026 871 113.123 136.718
uni 1027 627 146.53 177.093
uni 1027 500 97.478 117.81
uni 1029 1027 118.222 142.881
bi 728 1029 97.042 117.283
uni 628 1028 143.998 174.033
uni 265 1028 119.12 143.966
uni 1031 740 17.071 20.632
uni 35 1031 79.623 96.231
uni 1024 109 30.188 36.485
bi 564 1032 129.434 156.431
bi 274 1032 101.086 122.17
uni 1033 275 53.448 64.596
uni 874 1033 178.541 215.781
uni 892 1034 55.082 66.571
bi 1034 1035 147.583 178.366
bi 1035 661 96.218 116.287
bi 65 881 231.421 279.691
bi 710 1036 83.15 100.493
bi 980 1037 381.249 460.77
bi 858 1042 86.265 104.258
bi 920 1042 162.25 196.092
bi 904 863 61.968 74.893
bi 1043 946 73.072 88.313
bi 830 969 218.45 264.014
bi 141 1044 111.055 134.219
bi 1045 618 131.856 159.358
bi 581 1046 158.043 191.007
bi 1045 1046 30.469 36.824
bi 554 1046 111.981 135.338
bi 1047 975 49.748 60.124
bi 897 592 132.222 159.801
bi 897 1047 80.29 97.037
uni 1048 202 81.575 98.59
uni 1049 183 42.72 51.631
uni 114 1050 23.962 28.96
bi 112 1049 80.795 97.647
uni 1048 951 227.907 275.444
bi 901 1051 46.04 55.643
uni 183 1051 60.441 73.048
uni 201 1052 106.379 128.567
uni 1052 1048 118.902 143.702
bi 1053 496 140.666 170.006
bi 442 1054 54.264 65.582
uni 1053 1052 123.11 148.788
uni 1051 1054 122.703 148.296
uni 181 1055 48.454 58.56
bi 1055 404 51.419 62.144
bi 794 1056 48.072 58.099
uni 1055 1053 124.98 151.048
uni 1054 1056 124.73 150.746
bi 555 556 52.781 63.79
bi 245 64 53.326 64.449
bi 557 558 114.521 138.408
bi 559 274 239.934 289.979
uni 560 561 140.384 169.665
bi 460 562 75.188 90.871
bi 563 564 36.14 43.678
uni 190 274 69.359 83.826
bi 510 155 142.827 172.618
bi 236 570 209.132 252.753
bi 571 572 215.819 260.834
bi 501 527 94.889 114.681
uni 573 371 99.505 120.26
bi 311 574 57.477 69.466
bi 575 576 55.481 67.053
uni 578 577 125.364 151.512
uni 579 304 156.358 188.971
bi 162 580 252.488 305.152
bi 149 53 89.067 107.645
bi 91 581 56.624 68.435
uni 391 582 71.007 85.818
bi 583 565 95.123 114.964
bi 476 546 50.606 61.161
bi 584 585 35.75 43.207
uni 118 550 145.94 176.38
uni 516 359 220.027 265.92
bi 240 587 115.401 139.471
bi 463 496 55.946 67.615
bi 588 146 105.355 127.33
bi 1057 421 128.25 155
bi 1057 721 147.425 178.175
uni 1060 1059 40.654 49.134
bi 311 240 142.096 171.734
bi 574 739 144.04 174.084
uni 924 68 88.248 106.655
uni 251 370 87.387 105.614
bi 1064 636 377.279 455.972
bi 927 435 134.253 162.255
bi 450 75 83.451 100.857
bi 615 266 168.239 203.33
uni 550 615 140.419 169.707
uni 616 1065 144.187 174.261
uni 50 154 134.073 162.038
bi 62 387 134.54 162.602
bi 713 36 175.381 211.962
uni 662 1065 166.464 201.185
uni 1010 1009 140.271 169.529
uni 379 780 110.957 134.1
uni 344 118 141.693 171.247
uni 49 100 140.576 169.897
uni 100 504 139.175 168.204
bi 362 465 174.212 210.549
uni 304 299 148.173 179.079
bi 72 488 131.73 159.206
bi 488 927 141.635 171.177
uni 928 913 142.186 171.843
bi 412 61 133.648 161.524
bi 730 504 126.818 153.27
bi 940 430 132.122 159.68
bi 749 511 132.572 160.224
bi 356 199 174.883 211.36
uni 545 453 132.68 160.354
uni 906 560 131.619 159.072
bi 744 906 99.363 120.088
bi 142 72 130.509 157.73
uni 926 956 190.805 230.603
uni 1036 1066 18.216 22.015
uni 1066 806 138.28 167.122
bi 1067 709 167.388 202.302
uni 950 32 126.159 152.473
uni 889 902 74.276 89.768
uni 602 889 157.126 189.899
bi 887 85 151.838 183.508
uni 902 888 139.194 168.227
bi 902 922 105.219 127.165
bi 598 974 147.518 178.287
uni 900 332 230.385 278.439
bi 970 887 209.231 252.872
bi 989 970 124.711 150.723
bi 990 575 138.961 167.945
bi 969 961 222.257 268.615
bi 9 17 62.47 75.5
bi 17 16 144.163 174.232
bi 22 9 48.239 58.301
bi 896 1070 177.867 214.966
bi 977 1071 115.885 140.056
bi 863 655 60.441 73.048
bi 655 1043 56.191 67.911
uni 984 814 173.29 209.435
uni 1056 198 189.82 229.412
bi 846 509 52.911 63.947
bi 58 349 142.789 172.572
uni 82 634 183.074 221.259
uni 197 899 93.565 113.081
bi 325 196 188.768 228.141
bi 934 916 107.19 129.548
bi 812 1064 82.964 100.269
bi 771 636 222.092 268.416
uni 721 972 187.311 226.38
uni 972 477 186.125 224.947
bi 874 972 186.664 225.598
uni 293 874 186.528 225.434
bi 815 293 186.513 225.416
bi 564 873 124.129 150.02
bi 398 885 179.679 217.156
bi 885 815 112.566 136.045
bi 1035 564 186.697 225.638
uni 888 41 175.374 211.953
bi 576 670 46.062 55.67
bi 575 751 157.507 190.36
bi 959 970 62.356 75.362
bi 419 743 142.57 172.307
bi 866 887 88.432 106.877
bi 1 804 68.814 83.167
bi 0 782 173.997 210.289
bi 1074 406 176.423 213.221
bi 1075 754 178.694 215.966
bi 1076 964 106.527 128.746
bi 160 617 120.15 145.211
bi 754 654 114.665 138.582
bi 960 557 130.69 157.949
bi 838 865 131.296 158.682
bi 144 838 114.593 138.495
bi 228 754 141.001 170.411
bi 978 552 181.45 219.297
uni 232 213 137.257 165.886
bi 233 234 141.22 170.676
bi 235 236 58.512 70.716
bi 239 240 58.358 70.53
bi 241 242 146.211 176.708
bi 69 87 62.749 75.837
bi 133 243 100.319 121.243
bi 244 245 46.159 55.787
uni 222 246 74.1 89.556
bi 247 248 146.388 176.921
bi 249 125 292.768 353.833
bi 147 250 39.134 47.297
uni 537 953 190.429 230.149
uni 939 340 122.771 148.378
uni 949 915 150.281 181.626
uni 362 356 108.695 131.367
bi 145 228 119.73 144.703
bi 847 832 102.025 123.305
bi 669 626 60.771 73.447
uni 500 150 116.343 140.61
bi 400 129 47.426 57.318
bi 931 921 27.278 32.968
bi 466 210 101.492 122.661
uni 954 499 231.591 279.896
bi 955 77 58.996 71.301
bi 956 702 81.517 98.52
uni 591 290 25.926 31.334
bi 84 163 64.436 77.876
bi 360 503 94.072 113.693
bi 944 151 130.142 157.287
bi 776 679 149.226 180.351
bi 957 378 63.062 76.215
bi 932 113 109.702 132.584
bi 116 775 33.079 39.979
bi 505 827 187.492 226.599
uni 158 464 171.891 207.744
bi 97 663 138.823 167.779
bi 287 379 146.937 177.585
bi 553 295 100.641 121.633
bi 374 847 104.191 125.923
bi 959 353 106.721 128.981
bi 504 512 137.554 166.245
bi 955 797 166.924 201.741
bi 146 858 64.835 78.358
bi 314 479 106.805 129.082
bi 945 729 35.911 43.401
bi 749 697 94.573 114.299
bi 403 216 45.293 54.74
bi 288 233 93.809 113.376
bi 869 808 46.716 56.46
bi 950 725 38.273 46.256
uni 297 351 78.352 94.695
bi 24 137 47.188 57.03
bi 696 726 120.071 145.115
bi 644 553 54.978 66.445
uni 827 294 49.875 60.278
uni 683 180 131.423 158.835
bi 680 176 149.483 180.662
bi 707 62 139.175 168.204
uni 270 168 119.8 144.788
bi 128 680 167.491 202.426
bi 960 838 110.344 133.359
bi 64 498 150.551 181.953
uni 604 251 99.477 120.226
bi 62 153 121.528 146.876
bi 635 757 130.663 157.917
bi 783 401 92.363 111.628
bi 634 839 54.12 65.408
bi 898 403 71.131 85.967
bi 476 23 100.824 121.854
bi 366 548 203.042 245.392
bi 961 651 98.416 118.944
uni 717 962 87.865 106.192
bi 654 963 140.694 170.04
bi 199 51 130.838 158.128
uni 937 958 152.041 183.754
bi 895 699 23.569 28.485
bi 548 597 104.205 125.94
uni 836 300 88.317 106.738
uni 361 511 104.388 126.161
bi 724 963 114.648 138.561
bi 899 934 51.207 61.888
uni 35 728 122.739 148.34
bi 227 239 141.002 170.412
uni 505 860 50.254 60.736
uni 200 824 60.459 73.069
uni 805 74 169.987 205.443
bi 964 47 119.931 144.946
bi 965 665 141.679 171.23
uni 913 744 129.756 156.82
uni 454 906 131.256 158.633
bi 431 357 137.02 165.6
uni 705 222 72.118 87.16
bi 704 279 72.772 87.951
bi 643 467 118.618 143.359
bi 474 285 206.589 249.679
bi 966 698 89.251 107.867
bi 487 711 144.76 174.954
bi 472 834 100.903 121.949
uni 799 67 143.367 173.27
bi 965 570 61.007 73.732
bi 665 434 141.25 170.712
bi 131 117 52.666 63.651
bi 958 339 178.963 216.291
uni 761 933 116.49 140.787
bi 766 559 68.94 83.319
bi 117 966 43.769 52.898
uni 891 780 147.432 178.183
uni 790 886 82.929 100.226
uni 632 134 48.337 58.419
bi 189 307 76.992 93.051
bi 859 335 73.952 89.377
uni 261 541 93.945 113.54
uni 968 448 62.086 75.036
bi 349 916 74.222 89.703
bi 779 471 64.937 78.482
bi 531 256 38.615 46.669
bi 808 738 124.448 150.405
uni 258 928 135.299 163.52
bi 165 778 123.867 149.703
bi 945 152 128.821 155.69
bi 969 650 94.755 114.519
uni 415 367 101.277 122.401
bi 610 580 168.708 203.897
bi 963 239 74.104 89.561
bi 824 216 71.174 86.019
bi 682 426 141.826 171.408
uni 410 495 98.493 119.037
bi 970 575 164.601 198.933
bi 130 84 75.447 91.184
bi 194 125 63.271 76.468
uni 695 821 222.025 268.335
bi 712 879 203.721 246.213
bi 766 386 153.395 185.39
uni 746 210 141.236 170.695
bi 702 74 219.892 265.757
bi 726 25 141.072 170.497
bi 966 851 115.762 139.908
bi 831 937 150.982 182.474
bi 943 789 86.643 104.715
bi 188 320 44.632 53.941
bi 688 203 96.149 116.204
bi 639 487 139.641 168.767
bi 800 406 106.548 128.772
bi 971 800 177.831 214.923
bi 165 249 67.879 82.037
bi 78 876 16.858 20.374
bi 964 413 34.514 41.713
bi 765 671 50.808 61.405
bi 160 467 118.694 143.451
bi 829 47 37.358 45.15
bi 772 547 111.208 134.404
bi 949 958 122.734 148.334
bi 88 530 51.276 61.971
bi 241 649 137.278 165.911
bi 880 729 148.906 179.965
bi 516 429 109.698 132.579
bi 972 771 187.426 226.519
uni 616 267 167.282 202.174
uni 919 677 104.119 125.836
bi 56 471 26.177 31.637
bi 973 912 177.451 214.464
uni 464 677 121.401 146.723
bi 277 424 62.183 75.153
bi 974 975 54.456 65.814
bi 580 445 77.969 94.232
bi 299 615 137.948 166.721
bi 620 901 44.64 53.951
bi 559 889 63.595 76.86
uni 583 522 219.02 264.703
bi 267 662 130.283 157.457
bi 159 229 121.457 146.79
bi 156 521 92.886 112.26
uni 976 968 69.894 84.472
bi 260 437 70.751 85.508
uni 811 197 51.181 61.856
bi 172 742 59.133 71.467
uni 408 250 159.879 193.226
bi 547 818 152.008 183.714
bi 898 824 45.869 55.436
uni 343 877 134.697 162.792
uni 103 599 83.915 101.418
bi 72 744 125.398 151.553
bi 666 423 33.539 40.535
bi 286 469 120.223 145.299
bi 774 350 80.022 96.713
bi 502 594 53.82 65.046
uni 663 110 58.068 70.18
bi 432 116 46.911 56.696
bi 383 524 65.464 79.118
bi 977 433 92.877 112.249
bi 977 904 182.372 220.411
bi 684 978 62.198 75.171
bi 552 558 109.002 131.738
bi 960 896 114.953 138.93
bi 11 4 107.316 129.7
bi 953 647 293.816 355.1
bi 21 985 119.258 144.133
uni 41 201 115.621 139.737
bi 830 985 196.846 237.904
bi 986 732 56.828 68.681
bi 638 986 104.973 126.868
uni 986 549 121.998 147.444
bi 73 987 57.732 69.774
uni 253 987 90.411 109.269
uni 990 989 183.65 221.956
bi 975 991 145.116 175.384
bi 34 992 158.667 191.762
bi 34 993 67.639 81.747
bi 130 988 79.792 96.435
bi 163 994 84.195 101.756
uni 994 993 47.888 57.876
uni 988 994 143.471 173.396
uni 270 995 75.38 91.103
uni 995 996 80.432 97.208
uni 996 997 81.799 98.861
uni 307 995 226.644 273.917
uni 996 189 202.764 245.056
uni 755 997 175.641 212.276
uni 998 469 214.236 258.921
uni 693 999 57.229 69.166
uni 999 612 57.948 70.035
bi 999 764 154.54 186.774
uni 1000 1002 94.111 113.741
uni 1003 373 171.694 207.506
uni 394 1006 163.508 197.612
bi 148 186 89.002 107.566
uni 736 394 99.557 120.323
bi 752 753 131.683 159.149
bi 612 556 144.302 174.4
uni 284 411 100.263 121.176
bi 754 724 138.811 167.764
uni 756 755 76.389 92.322
bi 611 555 138.257 167.095
bi 757 555 47.557 57.476
bi 256 758 70.529 85.24
bi 406 720 144.621 174.786
bi 380 759 145.088 175.35
bi 143 454 99.261 119.965
uni 372 736 120.665 145.833
uni 761 762 153.791 185.869
bi 763 172 59.826 72.304
bi 556 764 51.845 62.659
bi 765 766 79.788 96.43
bi 767 674 187.479 226.583
bi 463 254 144.315 174.416
bi 768 769 85.451 103.274
uni 246 551 71.114 85.947
bi 770 144 180.802 218.514
bi 722 771 187.575 226.699
bi 587 772 203.536 245.989
uni 773 774 190.865 230.675
bi 775 491 104.127 125.846
uni 153 49 135.229 163.435
uni 565 203 221.039 267.143
bi 375 768 98.421 118.95
bi 491 30 59.735 72.194
bi 776 777 124.319 150.249
bi 119 75 142.628 172.377
bi 437 774 57.811 69.869
bi 309 701 115.55 139.651
bi 52 545 100.559 121.534
bi 217 88 50.836 61.439
bi 778 672 121.525 146.873
bi 779 56 41.661 50.351
uni 154 344 147.836 178.672
uni 780 781 136.635 165.134
bi 782 783 133.332 161.142
uni 630 784 101.465 122.628
bi 730 785 48.637 58.782
bi 357 51 173.623 209.837
uni 650 687 221.024 267.125
bi 492 90 44.281 53.517
uni 784 379 100.311 121.234
bi 268 269 77.518 93.687
uni 273 272 68.252 82.488
uni 274 275 65.236 78.843
bi 244 276 146.411 176.949
bi 277 278 59.92 72.418
uni 202 42 122.594 148.165
bi 279 222 153.681 185.736
uni 280 80 84.151 101.703
bi 282 283 62.04 74.98
uni 76 284 125.205 151.32
bi 285 104 26.072 31.51
bi 281 288 53.362 64.492
bi 289 290 87.196 105.383
bi 291 292 84.503 102.129
uni 294 293 185.614 224.329
bi 329 330 87.985 106.337
bi 331 332 54.153 65.448
bi 333 334 146.206 176.702
bi 337 338 93.222 112.666
bi 339 289 86.321 104.326
bi 38 157 182.107 220.091
uni 344 345 170.468 206.024
bi 346 292 112.766 136.287
bi 347 206 125.348 151.493
bi 348 349 58.953 71.249
bi 350 351 93.629 113.158
bi 352 353 33.832 40.889
bi 83 179 65.981 79.743
uni 356 357 131.835 159.333
uni 15 358 117.19 141.633
bi 313 237 52.235 63.13
uni 359 113 220.034 265.929
bi 360 171 104.539 126.344
bi 210 211 99.677 120.468
uni 219 218 58.468 70.663
bi 171 142 95.575 115.51
bi 220 221 120.032 145.068
uni 208 147 53.636 64.823
bi 57 209 111.523 134.784
bi 0 1 84.789 102.474
bi 4 5 141.138 170.576
bi 14 15 121.161 146.433
bi 15 3 131.193 158.557
bi 18 19 28.464 34.401
bi 5 14 123.005 148.661
bi 16 11 117.46 141.96
bi 21 18 48.329 58.409
bi 19 22 73.004 88.231
bi 23 24 48.621 58.762
bi 25 26 154.455 186.671
bi 27 28 45.349 54.808
bi 33 34 18.032 21.793
uni 37 38 124.123 150.012
bi 41 42 146.966 177.62
uni 43 44 63.924 77.257
uni 45 46 126.196 152.518
bi 47 48 33.014 39.9
bi 49 50 135.378 163.615
bi 51 52 125.588 151.783
uni 54 53 137.418 166.081
bi 55 56 68.467 82.748
bi 57 58 20.24 24.462
bi 59 60 123.154 148.841
bi 61 62 138.919 167.895
bi 63 64 70.559 85.276
bi 65 66 68.286 82.529
uni 68 67 184.107 222.508
uni 70 69 51.264 61.957
bi 71 72 94.977 114.787
uni 74 73 86.531 104.58
bi 75 76 60.991 73.712
bi 77 78 128.427 155.214
uni 80 79 87.058 105.216
uni 81 82 58.615 70.841
bi 83 84 83.471 100.881
bi 85 86 37.838 45.73
bi 87 88 73.209 88.479
bi 77 89 34.225 41.364
bi 90 91 43.235 52.253
bi 96 97 56.602 68.408
bi 100 101 136.245 164.663
bi 102 103 29.664 35.851
uni 109 108 54.983 66.451
uni 96 110 138.776 167.722
uni 113 11 238.074 287.731
uni 115 114 252.869 305.612
bi 116 117 65.992 79.757
uni 119 118 107.628 130.077
bi 99 120 169.3 204.612
uni 121 122 45.897 55.47
uni 123 124 131.814 159.308
bi 125 126 63.21 76.394
bi 127 128 165.778 200.356
bi 129 130 81.426 98.41
bi 131 132 64.662 78.149
uni 52 133 130.062 157.19
uni 134 135 31.272 37.795
bi 136 137 132.448 160.074
bi 138 111 58.139 70.266
bi 139 140 31.003 37.47
bi 142 143 125.339 151.482
bi 144 145 120.318 145.414
bi 146 147 81.814 98.879
uni 148 149 129.865 156.952
bi 150 59 119.363 144.26
uni 152 151 76.787 92.803
bi 153 154 137.181 165.794
bi 155 156 37.538 45.368
bi 157 158 105.604 127.631
bi 159 160 131.92 159.436
bi 161 162 110.975 134.122
bi 163 33 46.692 56.431
bi 164 165 68.922 83.298
uni 166 167 121.075 146.329
bi 145 159 115.799 139.952
uni 168 169 122.789 148.4
bi 170 171 79.438 96.007
bi 172 173 112.229 135.638
uni 175 174 82.278 99.439
bi 176 177 126.626 153.038
uni 110 178 115.654 139.777
bi 179 163 83.25 100.614
uni 44 181 74.431 89.956
bi 182 183 46.925 56.713
bi 63 184 190.241 229.921
uni 186 185 129.518 156.533
uni 189 190 142.055 171.685
bi 191 104 55.319 66.857
uni 192 162 145.301 175.608
bi 193 194 62.19 75.162
bi 196 197 135.777 164.097
bi 199 133 123.987 149.848
uni 200 43 162.574 196.484
bi 201 202 115.628 139.746
uni 203 17 279.552 337.861
bi 204 205 43.54 52.622
bi 206 207 121.252 146.543
LISTA_ARISTAS_NOREQ :
bi 26 128 107.3 129.681
bi 457 659 116.853 141.226
bi 672 225 36.371 43.957
bi 40 679 28.324 34.232
bi 593 694 106.304 128.477
bi 401 402 15.708 18.984
bi 413 145 38.025 45.956
bi 112 440 41.813 50.534
bi 441 138 84.398 102.002
bi 513 234 43.238 52.257
bi 833 120 44.581 53.88
uni 835 817 317.858 384.157
uni 840 32 27.52 33.26
uni 416 841 35.416 42.803
bi 443 842 28.37 34.287
uni 569 781 21.697 26.223
bi 192 845 61.579 74.423
bi 846 441 27.907 33.728
bi 758 572 38.506 46.538
uni 610 444 76.568 92.538
uni 622 820 31.828 38.467
uni 715 603 100.309 121.231
bi 341 861 36.572 44.2
uni 816 930 187.468 226.57
uni 826 455 28.684 34.667
uni 667 424 48.123 58.16
bi 328 525 106.673 128.923
uni 635 271 44.107 53.307
bi 424 473 35.17 42.506
bi 489 490 44.835 54.187
bi 491 492 23.86 28.837
bi 269 513 42.804 51.732
bi 387 388 17.057 20.615
bi 389 390 49.076 59.312
bi 854 312 84.181 101.739
bi 444 589 109.164 131.933
uni 167 659 35.04 42.349
uni 32 826 29.997 36.254
bi 792 187 22.737 27.479
uni 936 721 42.734 51.647
uni 31 455 19.134 23.125
bi 456 457 116.11 140.328
bi 317 428 68.09 82.292
bi 469 470 9.761 11.797
uni 484 483 12.118 14.646
uni 706 208 39.48 47.715
uni 731 148 129.906 157.002
bi 810 503 28.272 34.169
bi 514 167 116.028 140.229
uni 499 788 87.344 105.562
bi 883 678 67.186 81.2
bi 99 389 42.828 51.761
uni 469 891 135.603 163.887
bi 523 354 61.919 74.834
bi 297 298 80.193 96.92
bi 312 313 57.59 69.602
bi 231 173 70.464 85.161
uni 328 327 28.236 34.125
bi 517 382 26.674 32.238
bi 518 519 105.174 127.111
bi 539 540 86.889 105.012
bi 758 614 11.12 13.439
uni 987 1005 120.769 145.959
uni 1090 984 555.545 671.42
uni 1091 1080 61.673 74.537
uni 1092 843 574.978 694.906
uni 1092 484 37.701 45.565
bi 483 1092 50.269 60.754
bi 1094 1095 68.339 82.593
bi 1075 828 93.113 112.534
bi 475 1090 8.046 9.724
bi 804 517 19.364 23.403
bi 957 1094 68.834 83.191
bi 222 97 149.88 181.142
uni 535 416 63.416 76.643
bi 334 776 29.342 35.462
uni 95 586 357.952 432.613
uni 214 568 19.688 23.795
uni 947 36 101.841 123.083
bi 584 260 49.759 60.138
bi 421 936 25.432 30.737
uni 1071 983 169.644 205.028
bi 982 1043 155.636 188.098
bi 893 1069 83.312 100.689
bi 1068 1069 163.995 198.201
bi 914 944 19.481 23.544
uni 1061 447 856 1034.544
bi 623 1060 134.546 162.609
bi 923 623 143.612 173.566
uni 1061 1058 43.076 52.061
bi 737 883 21.002 25.383
bi 238 621 16.023 19.365
bi 1078 737 24.042 29.057
uni 624 37 119.992 145.02
uni 864 624 88.332 106.756
uni 1081 835 45.442 54.92
uni 1082 1062 44.989 54.373
uni 1062 1081 37.554 45.387
uni 1062 1083 38.444 46.463
bi 1083 1063 29.652 35.837
uni 930 1063 240.162 290.255
uni 1082 1081 35.725 43.176
uni 1084 786 457.734 553.208
uni 911 1082 569.465 688.244
bi 910 981 18.449 22.297
bi 802 1038 376.865 455.471
uni 1039 980 313.418 378.79
uni 1041 816 80.296 97.044
uni 930 801 663.475 801.862
bi 343 802 111.879 135.215
uni 1087 1084 136.035 164.409
uni 1083 1087 1280.39 1547.453
uni 843 415 38.74 46.82
bi 840 878 36.748 44.413
bi 976 962 187.648 226.787
uni 786 1036 141.182 170.63
uni 718 490 36.273 43.839
uni 720 719 101.773 123.001
uni 470 376 63.051 76.202
bi 607 731 99.872 120.703
uni 740 340 19.716 23.828
uni 376 693 91.809 110.958
uni 606 607 35.286 42.646
uni 318 608 35.688 43.132
uni 609 610 27.627 33.389
uni 612 611 50.275 60.761
bi 138 620 28.274 34.171
uni 162 622 332.382 401.71
uni 603 623 103.936 125.615
uni 628 627 21.146 25.557
uni 718 489 34.985 42.282
bi 694 801 100.017 120.878
bi 586 760 187.436 226.531
bi 351 298 23.355 28.226
bi 816 817 49.802 60.19
bi 578 586 107.327 129.713
bi 820 609 73.482 88.809
uni 214 569 19.159 23.155
bi 674 826 30.023 36.285
uni 658 178 58.1 70.218
bi 334 40 151.248 182.795
bi 678 905 40.043 48.395
uni 910 911 57.81 69.868
bi 853 331 25.066 30.294
bi 319 918 37.595 45.437
uni 457 514 47.031 56.841
uni 1003 1007 63.256 76.45
uni 1005 1007 9.931 12.002
uni 1009 1006 147.28 178
bi 1003 1004 9.754 11.788
bi 1006 1008 8.94 10.805
bi 1010 1011 9.782 11.822
uni 1008 1011 285.446 344.984
uni 1011 569 172.178 208.091
uni 1011 900 137.666 166.38
uni 1001 1000 93.405 112.887
uni 1007 1001 35.925 43.418
bi 872 606 35.062 42.375
uni 1014 1001 39.342 47.548
uni 1015 1016 29.108 35.179
uni 1017 1014 68.71 83.041
uni 607 1015 99.906 120.744
uni 1015 1014 227.922 275.462
bi 340 1018 16.414 19.838
uni 947 740 24.713 29.868
uni 1018 947 21.319 25.766
bi 1019 405 104.586 126.4
uni 1019 1020 139.169 168.197
bi 329 1020 106.44 128.641
uni 1020 606 92.933 112.317
uni 1018 1021 147.275 177.993
uni 1021 1019 140.152 169.385
uni 341 1022 52.963 64.01
uni 1022 1018 75.305 91.012
uni 1022 212 140.946 170.344
uni 843 1023 75.891 91.72
uni 1023 841 46.093 55.707
uni 1026 628 83.012 100.327
uni 1028 1027 20.383 24.634
uni 1028 939 118.095 142.727
uni 1030 1029 100.597 121.579
uni 740 1030 21.663 26.181
uni 1031 1030 27.572 33.323
uni 1023 1024 62.95 76.08
bi 1032 1033 54.334 65.667
bi 764 1034 4.877 5.894
bi 657 1035 7.194 8.695
uni 1037 981 380.812 460.241
uni 1039 1038 14.216 17.181
uni 1040 1039 17.472 21.116
uni 1038 1041 51.512 62.256
uni 1040 1041 25.749 31.12
uni 817 1040 86.828 104.939
bi 1042 955 6.817 8.239
bi 320 1044 24.835 30.015
bi 1044 1045 11.792 14.252
uni 1050 1049 16.011 19.351
bi 1048 1050 10.239 12.375
bi 1051 1052 12.284 14.846
bi 1054 1053 11.976 14.474
bi 1056 1055 9.718 11.745
bi 278 567 84.319 101.906
uni 569 568 20.948 25.317
uni 586 525 159.976 193.344
bi 1033 1057 50.811 61.409
uni 1058 1059 12.197 14.741
uni 1058 1060 40.739 49.236
uni 1059 1061 42.586 51.469
bi 801 573 81.079 97.99
uni 1062 1063 28.101 33.962
bi 567 1064 151.517 183.12
uni 1002 1005 36.219 43.774
uni 1007 1012 177.46 214.474
uni 992 991 77.411 93.557
uni 691 1037 197.74 238.984
uni 1066 507 286.199 345.894
bi 1068 982 261.159 315.631
bi 978 1068 858.607 1037.695
bi 961 1069 55.044 66.525
bi 1069 673 94.406 114.097
uni 985 20 211.336 255.416
uni 7 10 143.244 173.122
bi 1071 685 25.447 30.755
uni 991 998 473.535 572.305
bi 237 238 35.627 43.058
bi 3 953 114.815 138.763
uni 508 543 28.332 34.241
bi 905 831 95.265 115.135
uni 958 535 145.845 176.265
uni 554 141 41.286 49.897
uni 951 667 36.32 43.896
bi 699 757 19.603 23.692
uni 611 635 46.36 56.03
bi 418 846 26.369 31.869
uni 424 115 37.98 45.902
bi 861 456 86.256 104.247
bi 493 638 46.224 55.865
bi 826 31 20.614 24.914
bi 918 959 34.81 42.071
bi 760 820 48.076 58.104
uni 659 95 163.371 197.447
bi 695 98 81.689 98.728
bi 31 840 19.482 23.546
bi 809 875 31.576 38.162
bi 916 567 40.08 48.44
uni 835 930 147.075 177.752
bi 980 910 15.047 18.185
uni 981 911 58.813 71.08
bi 982 983 61.054 73.789
bi 984 200 10.742 12.983
bi 988 989 11.733 14.18
uni 989 318 94.583 114.311
uni 993 992 99.216 119.91
bi 998 999 9.295 11.234
bi 1000 668 8.954 10.822
uni 1001 1002 9.341 11.289
uni 1005 1004 63.153 76.325
uni 1006 1003 95.753 115.725
uni 473 115 23.163 27.994
bi 519 633 243.906 294.78
uni 622 760 57.16 69.082
bi 561 286 98.584 119.147
bi 95 161 130.875 158.173
uni 271 270 37.783 45.664
bi 120 281 43.425 52.483
bi 286 287 136.646 165.148
bi 335 336 35.039 42.347
uni 340 341 124.518 150.49
bi 342 343 92.832 112.195
bi 354 355 39.853 48.166
bi 193 92 60.892 73.593
bi 212 213 87.663 105.948
uni 2 3 243.24 293.975
uni 6 7 110.469 133.511
bi 8 4 114.288 138.126
bi 6 9 184.559 223.054
uni 11 10 112.284 135.704
uni 12 13 120.386 145.496
uni 13 2 120.615 145.773
bi 12 5 115.96 140.147
bi 7 16 115.924 140.103
uni 8 12 128.299 155.059
uni 2 15 119.084 143.922
bi 6 17 115.754 139.898
uni 10 8 92.357 111.621
bi 39 40 134.508 162.564
uni 14 13 120.057 145.098
bi 20 18 127.365 153.931
uni 20 21 73.327 88.621
uni 30 29 45.434 54.911
uni 32 31 17.582 21.249
uni 36 35 68.282 82.524
bi 92 93 63.61 76.878
bi 94 95 108.862 131.568
bi 98 99 31.51 38.082
bi 104 105 25.04 30.263
bi 106 107 32.209 38.927
bi 111 112 45.875 55.444
uni 141 30 25.093 30.327
uni 180 14 119.262 144.138
bi 187 188 22.198 26.828
uni 43 198 6.14 7.421
CORDENADAS_NODOS :
RESTRICCIONES :
NODOS_INICIALES:
214
NODOS_TERMINO:
214