Mejor longitud: 298
Longitud tour: 0
Longitud salida: 2
Cantidad arcos: 182
Costo recoleccion: 125
Costo recorrer: 35794
Costo pesos pasada: 35669
Mejor costo: 36025.3
Nodo inicio: 16
Nodo fin: 16
Tiempo de resolucion: 60000561 microsegundos
La solución es:
16
932
203
17
16
7
10
8
12
5
14
15
3
653
358
718
490
489
683
390
389
99
120
281
389
390
704
279
281
120
99
389
281
120
99
389
281
279
704
390
683
180
14
5
12
13
2
15
14
5
4
695
98
99
389
281
120
833
98
695
821
359
113
11
10
8
4
5
14
13
2
15
358
718
489
705
704
279
281
389
390
704
279
281
389
99
98
695
821
359
425
789
943
932
16
11
4
8
12
5
14
13
2
15
3
953
647
537
536
653
3
15
14
5
12
13
2
3
953
647
537
953
3
653
536
107
745
868
483
1092
484
868
745
537
536
653
358
180
14
15
3
653
536
107
106
96
97
241
649
686
649
241
97
96
106
490
489
683
180
358
718
490
489
683
180
358
653
536
537
647
953
3
15
14
13
2
15
358
653
536
107
745
868
483
647
537
953
3
653
536
107
745
868
483
1092
843
415
701
686
649
241
97
96
106
107
536
653
3
15
358
653
3
15
358
180
14
15
358
180
14
5
4
11
16
17
6
7
16
17
9
6
17
16
932
113
695
821
359
113
932
203
688
583
565
203
932
943
789
425
359
821
359
113
932
203
688
583
650
969
830
985
21
18
20
21
985
830
687
688
583
650
687
19
22
688
687
830
969
650
583
565
203
688
583
565
203
688
583
650
687
830
985
21
18
19
22
9
17
16
